FluTE version: 1.18
Label: example-twodose
Population: seattle
Nodes used: Single processor version
beta: 0.318959
R0: 1.8
Random number generator seed: 1
Tracts: 124
Communities: 283
Families: 221813
People: 563484
Essential worker fraction: 0
Travel allowed: 0
School opening days: 0,0,0,0,0,0,0,0,0,0,0,0,0,0,0,0,0,0,0,0,0,0,0,0,0,0,0,0,0,0,0,0,0,0,0,0,0,0,0,0,0,0,0,0,0,0,0,0,0,0,0,0,0,0,0,0,
Seeded 10 infected people
Seeded (n/10000) at airports: 0
Seeded once
Pre-existing immunity level: 1
Pre-existing immunity fraction by age: 0,0,0,0,0,
Baseline VES by age: 0,0,0,0,0,
Prevaccination strategy: none
Reactive vaccination strategy: none
Vaccine priorities : 1,1,1,1,1,1,1,1,1,1,1,1,1,
Response threshhold: 0
Response delay: 1
Ascertainment delay: 1
Ascertainment fraction: 0.8
Reactive strategies deployed on day: 0
School closure policy: none
School closure days: 0
Isolation: 0.5
Quarantine: 0.5
Liberal leave: 0
Antiviral policy: none
Vaccination fraction: 0.7
Vaccines initially available: 0
Vaccines deliverable per day: 4294967295
Antivirals available: 4294967295
Antivirals deliverable per day: 4294967295
Vaccines used: 0
Antivirals used: 0
Relative vaccine efficacy by age: 1,1,1,1,1,
Needs boost by age and school: 0,0,0,0,0,0,0,0,
AVEs: 0.3
AVEp: 0.6
AVEi: 0.62
Number symptomatic (daily): 0,0,1,4,8,10,6,8,10,9,11,15,20,24,30,45,64,75,89,115,120,150,166,183,218,260,303,337,366,409,426,440,456,449,482,503,578,617,630,681,734,821,948,1108,1294,1511,1781,2019,2344,2668,3027,3455,3833,4270,4757,5260,5630,6096,6623,7146,7754,8362,9013,9669,10292,10883,11495,12016,12817,13444,14280,14730,15307,15491,15809,16188,16202,16351,16433,16108,16126,15834,15289,14744,14089,13433,12617,11737,10878,9883,9084,8210,7341,6733,6092,5475,4854,4291,3807,3300,2928,2598,2345,2074,1854,1600,1407,1266,1114,986,881,781,727,601,539,450,385,346,271,242,189,169,156,134,122,115,98,94,92,77,60,50,44,45,40,36,33,24,16,13,13,5,7,9,12,10,8,3,6,7,6,5,3,4,4,4,1,1,2,2,4,3,2,2,1,3,3,4,3,3,2,2,1,0,0,0,0,0,0,0,0,0,0,0,0,0,0,0,0,0,0,0,0,0,0,0,0,0,0,0,0,0,0,0,0,0,0,0,0,0,0,0,0,0,0,0,0,0,0,0,0,0,0,0,0,0,0,0,0,0,0,0,0,0,0,0,0,0,0,0,0,0,0,0,0,0,0,0,0,0,0,0,0,0,0,0,0,0,0,0,0,0,0,0,0,0,0,0,0,0,0,0,0,0,0,0,0,0,0,0,0,0,0,0,0,0,0,0,0,0,0,0,0,0,0,0,0,0,0,0,0,0,0,0,0,0,0,0,0,0,0,0,0,0,0,0,0,0,0,0,0,0,0,0,0,0,0,0,0,0,0,0,0,0,0,0,0,0,0,0,0,0,0,0,0,0,0,0,0,0,0,0,0,0,0,0,0,0,0,0,
Cumulative symptomatic (daily): 0,0,1,4,8,10,12,15,19,22,26,33,42,51,64,86,114,140,172,217,252,317,376,441,527,631,735,854,982,1122,1258,1403,1556,1698,1861,2030,2246,2454,2662,2909,3160,3454,3821,4237,4714,5262,5932,6686,7528,8493,9608,10827,12176,13745,15434,17258,19207,21310,23667,26140,28841,31725,34869,38188,41673,45375,49284,53329,57774,62304,67189,72015,77106,82125,87303,92669,97852,103218,108496,113633,118749,123731,128398,133009,137459,141525,145331,148816,152107,154981,157634,159974,162095,164128,165895,167456,168857,170064,171154,172070,172925,173660,174351,174944,175459,175916,176309,176675,176996,177267,177531,177759,177977,178125,178276,178399,178508,178607,178676,178745,178791,178838,178885,178933,178967,179003,179029,179059,179089,179104,179118,179130,179149,179159,179168,179179,179189,179193,179197,179201,179203,179203,179209,179212,179216,179218,179220,179220,179223,179225,179226,179226,179228,179229,179231,179232,179232,179232,179234,179234,179236,179236,179237,179237,179237,179239,179240,179241,179242,179242,179243,179243,179243,179243,179243,179243,179243,179243,179243,179243,179243,179243,179243,179243,179243,179243,179243,179243,179243,179243,179243,179243,179243,179243,179243,179243,179243,179243,179243,179243,179243,179243,179243,179243,179243,179243,179243,179243,179243,179243,179243,179243,179243,179243,179243,179243,179243,179243,179243,179243,179243,179243,179243,179243,179243,179243,179243,179243,179243,179243,179243,179243,179243,179243,179243,179243,179243,179243,179243,179243,179243,179243,179243,179243,179243,179243,179243,179243,179243,179243,179243,179243,179243,179243,179243,179243,179243,179243,179243,179243,179243,179243,179243,179243,179243,179243,179243,179243,179243,179243,179243,179243,179243,179243,179243,179243,179243,179243,179243,179243,179243,179243,179243,179243,179243,179243,179243,179243,179243,179243,179243,179243,179243,179243,179243,179243,179243,179243,179243,179243,179243,179243,179243,179243,179243,179243,179243,179243,179243,179243,179243,179243,179243,179243,179243,179243,179243,179243,179243,179243,179243,179243,179243,179243,179243,179243,179243,179243,179243,179243,179243,179243,179243,179243,179243,179243,179243,179243,179243,179243,179243,179243,179243,179243,179243,179243,179243,179243,179243,179243,179243,179243,179243,179243,179243,179243,179243,179243,179243,179243,
Total symptomatic attack rates by age: 0.321011,0.508299,0.262329,0.27219,0.199936,
Total symptomatic attack rate: 0.318098
Total symptomatic individuals by age: 11853,63483,18847,72015,13045,
Total symptomatic unvaccinated individuals by age: 11853,63483,18847,72015,13045,
Total unvaccinated individuals by age: 36924,124893,71845,264576,65246,
Total individuals by age: 36924,124893,71845,264576,65246,
