TractID,FIPSstate,FIPScounty,FIPStract,pop0-4,pop5-18,pop19-29,pop30-64,pop65+,workers
0,6,37,101110,373,1121,663,2374,567,3186
1,6,37,101120,240,768,440,1593,394,157
2,6,37,101210,501,1641,936,3546,834,717
3,6,37,101220,203,782,413,1692,397,241
4,6,37,101300,287,935,558,1950,475,776
5,6,37,101400,267,908,521,1888,460,713
6,6,37,102101,203,826,433,1688,407,765
7,6,37,102102,463,1573,918,3482,878,1043
8,6,37,103101,180,637,371,1337,311,303
9,6,37,103102,348,1052,586,2251,631,1004
10,6,37,103200,382,1321,716,2679,682,1153
11,6,37,103300,236,828,500,1860,446,824
12,6,37,103400,433,1507,817,3068,755,935
13,6,37,104103,280,1036,572,2126,544,284
14,6,37,104104,306,860,526,1824,464,467
15,6,37,104105,406,1398,836,3092,903,902
16,6,37,104106,398,1358,832,2885,700,455
17,6,37,104107,0,0,0,0,0,213
18,6,37,104201,397,1348,784,2806,673,1046
19,6,37,104202,621,2147,1261,4582,1126,1520
20,6,37,104310,268,868,508,1954,476,1270
21,6,37,104320,479,1559,974,3321,900,2017
22,6,37,104401,383,1267,761,2644,656,1576
23,6,37,104402,422,1423,794,3118,712,774
24,6,37,104500,402,1365,747,2933,675,778
25,6,37,104610,292,1004,580,2162,504,546
26,6,37,104620,268,931,532,1971,500,59
27,6,37,104701,308,1219,665,2593,680,704
28,6,37,104702,484,1785,996,3713,923,5893
29,6,37,104810,439,1441,813,2992,799,1270
30,6,37,104820,428,1518,900,3201,828,751
31,6,37,106010,329,1093,613,2234,531,2328
32,6,37,106020,483,1616,874,3375,816,646
33,6,37,106111,272,944,540,2109,492,580
34,6,37,106112,357,1296,716,2742,675,3648
35,6,37,106113,221,782,466,1733,456,488
36,6,37,106114,465,1460,830,3061,760,1053
37,6,37,106402,488,1740,995,3802,897,782
38,6,37,106403,331,983,654,2131,485,493
39,6,37,106404,396,1375,827,2919,723,520
40,6,37,106510,248,887,466,1882,492,2545
41,6,37,106520,485,1555,969,3405,810,4206
42,6,37,106602,354,1295,765,2740,686,1461
43,6,37,106603,206,737,431,1526,390,305
44,6,37,106604,412,1368,819,2898,750,3893
45,6,37,106605,473,1657,927,3618,837,641
46,6,37,106606,0,0,0,0,0,1596
47,6,37,106641,174,551,339,1199,261,164
48,6,37,106642,211,688,411,1450,357,224
49,6,37,106643,267,935,540,1835,471,339
50,6,37,107010,266,917,541,1906,488,442
51,6,37,107020,363,1101,711,2600,708,295
52,6,37,108101,150,509,295,1139,285,220
53,6,37,108102,273,791,473,1745,423,734
54,6,37,108103,269,796,538,1739,454,180
55,6,37,108104,110,372,239,843,239,187
56,6,37,108200,510,1811,1042,3836,949,715
57,6,37,109100,176,635,357,1280,313,1032
58,6,37,109200,218,779,421,1685,380,1652
59,6,37,109300,215,741,415,1500,367,1374
60,6,37,109400,371,1224,680,2665,644,199
61,6,37,109500,232,772,432,1599,402,506
62,6,37,109601,246,809,469,1760,424,233
63,6,37,109602,329,996,579,2126,532,714
64,6,37,109700,308,1076,586,2172,554,1312
65,6,37,109800,437,1456,824,3028,737,917
66,6,37,111100,412,1347,778,2851,721,1786
67,6,37,111201,181,626,326,1294,331,354
68,6,37,111202,351,1215,672,2458,594,1782
69,6,37,111203,465,1491,882,3118,775,1913
70,6,37,111204,397,1265,709,2711,653,707
71,6,37,111301,464,1741,927,3550,905,3448
72,6,37,111302,351,1253,783,2657,663,1017
73,6,37,111400,533,1843,1014,3844,936,1349
74,6,37,113100,402,1288,836,2851,731,1662
75,6,37,113202,297,1024,594,2135,490,9363
76,6,37,113211,259,899,520,1800,412,642
77,6,37,113212,237,737,425,1583,356,583
78,6,37,113213,351,1101,635,2256,572,953
79,6,37,113231,139,445,279,1043,297,575
80,6,37,113232,253,904,500,1983,521,826
81,6,37,113233,503,1699,977,3564,890,2239
82,6,37,113234,342,1168,669,2410,610,1306
83,6,37,113301,128,401,237,950,232,7949
84,6,37,113303,247,885,547,1930,479,18929
85,6,37,113321,423,1401,778,2926,724,1804
86,6,37,113322,256,947,552,1944,424,785
87,6,37,113401,380,1345,721,2799,645,4706
88,6,37,113421,450,1521,826,3324,833,8573
89,6,37,113422,478,1552,885,3256,790,593
90,6,37,115101,286,1034,575,2178,492,1203
91,6,37,115102,415,1429,779,2845,702,530
92,6,37,115201,442,1398,856,3024,746,1429
93,6,37,115202,323,1252,624,2553,560,8022
94,6,37,115301,240,838,488,1763,406,1166
95,6,37,115302,396,1514,834,3063,727,927
96,6,37,115401,434,1436,827,3004,777,477
97,6,37,115402,492,1541,953,3408,909,2545
98,6,37,117100,518,1732,982,3669,836,1219
99,6,37,117200,430,1698,830,3399,778,2885
100,6,37,117301,290,881,468,1773,444,256
101,6,37,117302,335,1075,617,2275,553,3108
102,6,37,117303,236,800,435,1571,394,1571
103,6,37,117404,317,940,553,2089,507,1465
104,6,37,117405,298,1108,636,2336,525,311
105,6,37,117406,618,2040,1304,4344,1064,1524
106,6,37,117510,385,1143,706,2562,671,220
107,6,37,117520,346,1125,670,2373,580,413
108,6,37,117530,453,1544,843,3310,859,1084
109,6,37,119000,469,1558,928,3492,832,1395
110,6,37,119100,405,1343,820,2761,708,355
111,6,37,119200,329,1112,644,2184,553,387
112,6,37,119310,265,819,495,1819,475,277
113,6,37,119320,357,1130,656,2425,605,258
114,6,37,119330,501,1607,918,3431,887,563
115,6,37,119340,559,2070,1173,4323,1046,595
116,6,37,119400,541,1806,1085,3772,983,519
117,6,37,119700,359,1188,711,2531,600,292
118,6,37,119800,456,1553,867,3165,725,541
119,6,37,119900,498,1583,870,3389,847,745
120,6,37,120010,263,893,505,1999,491,190
121,6,37,120020,325,1192,693,2662,587,1527
122,6,37,120030,272,833,438,1776,468,938
123,6,37,120101,709,2331,1373,4782,1127,3409
124,6,37,120102,973,3306,1772,6991,1729,401
125,6,37,120300,386,1312,759,2772,673,2314
126,6,37,120400,469,1451,897,3144,751,3190
127,6,37,121010,322,1155,643,2467,649,1779
128,6,37,121020,319,1015,589,2136,557,574
129,6,37,121100,382,1160,688,2344,543,10750
130,6,37,121210,395,1395,758,2897,694,2109
131,6,37,121220,290,1137,589,2302,626,1438
132,6,37,121600,194,760,439,1534,349,868
133,6,37,121800,650,2107,1144,4486,1106,1397
134,6,37,121900,357,1147,668,2452,607,1764
135,6,37,122000,381,1256,752,2828,721,7485
136,6,37,122110,456,1544,825,3281,833,2690
137,6,37,122120,413,1331,746,2739,709,91
138,6,37,122200,448,1532,848,3270,844,2965
139,6,37,122410,362,1140,647,2499,580,2278
140,6,37,122420,438,1446,791,2946,729,1906
141,6,37,123010,402,1261,755,2823,705,1662
142,6,37,123020,272,876,544,1876,467,284
143,6,37,123103,376,1070,688,2431,613,848
144,6,37,123104,384,1279,696,2605,652,679
145,6,37,123203,373,1194,742,2527,610,1232
146,6,37,123204,295,979,545,2069,513,329
147,6,37,123205,219,772,441,1640,383,2128
148,6,37,123206,255,845,448,1734,434,1793
149,6,37,123301,390,1285,702,2748,666,1227
150,6,37,123303,279,859,542,1873,467,974
151,6,37,123304,398,1350,734,2626,677,986
152,6,37,123410,352,1246,758,2666,587,375
153,6,37,123420,368,1149,680,2468,617,1048
154,6,37,123510,401,1358,796,2863,707,600
155,6,37,123520,281,853,544,1889,498,310
156,6,37,123601,388,1276,724,2701,669,2028
157,6,37,123602,249,873,499,1837,438,560
158,6,37,123700,320,1024,550,2241,525,1010
159,6,37,123800,375,1479,768,2984,770,2621
160,6,37,123900,483,1756,930,3635,861,3570
161,6,37,124000,303,982,558,2090,501,1125
162,6,37,124101,668,2031,1153,4429,1078,1528
163,6,37,124102,319,1081,575,2320,621,924
164,6,37,124201,280,971,602,1994,475,924
165,6,37,124202,516,1783,1044,3670,868,522
166,6,37,124300,333,1133,660,2389,589,1037
167,6,37,124400,301,965,620,2042,551,270
168,6,37,124500,223,676,378,1521,374,535
169,6,37,124600,293,949,516,2132,538,1222
170,6,37,124700,315,1097,660,2222,542,1893
171,6,37,124901,421,1499,756,2969,796,1163
172,6,37,125100,426,1293,776,2807,659,2399
173,6,37,125200,276,841,486,1763,420,1330
174,6,37,125310,307,1103,603,2271,539,2502
175,6,37,125320,311,1180,646,2427,653,2484
176,6,37,125400,520,1824,1020,3950,873,3507
177,6,37,125500,424,1403,787,2961,655,1127
178,6,37,125600,150,575,296,1181,300,294
179,6,37,127101,567,2071,1119,4123,996,977
180,6,37,127102,377,1363,762,2877,710,2175
181,6,37,127210,375,1423,783,2929,693,4939
182,6,37,127220,423,1386,848,3005,732,912
183,6,37,127300,422,1427,761,2841,710,2225
184,6,37,127400,348,1148,647,2541,623,5053
185,6,37,127510,335,1114,650,2442,582,15620
186,6,37,127520,324,1144,628,2412,514,1020
187,6,37,127601,491,1717,986,3636,869,1888
188,6,37,127602,539,1833,1019,3778,946,849
189,6,37,127710,562,1822,1008,3790,907,2816
190,6,37,127801,693,2129,1281,4571,1193,4300
191,6,37,127802,492,1913,1042,3849,1053,2905
192,6,37,127910,410,1366,797,2877,692,1709
193,6,37,127920,312,1089,600,2347,589,334
194,6,37,128100,658,2329,1286,4731,1183,2581
195,6,37,128210,462,1502,857,3207,786,3886
196,6,37,128220,212,795,453,1716,533,336
197,6,37,128302,406,1446,734,2858,665,1605
198,6,37,128303,330,1215,727,2632,646,1833
199,6,37,128400,315,992,597,2289,544,6196
200,6,37,128500,375,1221,651,2616,666,2076
201,6,37,128600,468,1552,969,3349,819,926
202,6,37,128702,349,1171,760,2641,612,3376
203,6,37,128800,487,1674,956,3545,908,2645
204,6,37,128910,287,894,548,1905,464,3064
205,6,37,131010,508,1748,981,3537,854,487
206,6,37,131020,431,1395,850,3073,780,1619
207,6,37,131100,241,788,454,1644,419,310
208,6,37,131200,223,805,422,1665,399,462
209,6,37,131300,424,1218,735,2712,660,271
210,6,37,131400,397,1338,746,2844,671,2539
211,6,37,131600,382,1302,700,2593,666,955
212,6,37,131700,531,1949,1047,4172,986,496
213,6,37,131800,396,1199,731,2649,632,1470
214,6,37,131900,295,990,574,2121,524,829
215,6,37,132000,511,1488,871,3264,752,3670
216,6,37,132100,418,1262,667,2739,604,1730
217,6,37,132300,469,1519,895,3333,857,2549
218,6,37,132500,456,1748,1065,3877,941,1307
219,6,37,132700,399,1320,759,2815,716,951
220,6,37,132900,249,908,502,1779,453,303
221,6,37,133000,321,1063,578,2249,584,676
222,6,37,133100,376,1237,653,2627,623,1253
223,6,37,134000,568,1853,1174,4186,1040,1287
224,6,37,134101,335,1208,651,2499,632,348
225,6,37,134103,304,989,560,2118,496,315
226,6,37,134104,354,1221,708,2621,640,373
227,6,37,134201,310,1039,614,2159,560,2883
228,6,37,134302,239,909,452,1853,468,452
229,6,37,134303,341,1082,673,2439,606,1777
230,6,37,134304,199,764,386,1518,391,1519
231,6,37,134305,322,1272,677,2594,649,1194
232,6,37,134306,281,922,541,1929,461,1923
233,6,37,134401,428,1388,803,2983,732,648
234,6,37,134421,261,902,493,1878,422,390
235,6,37,134422,308,1153,575,2278,532,1980
236,6,37,134510,554,1984,1041,4177,1031,2437
237,6,37,134520,433,1605,886,3295,846,2715
238,6,37,134710,439,1389,800,3145,764,247
239,6,37,134720,333,1100,652,2425,638,1117
240,6,37,134800,395,1362,781,2942,728,1169
241,6,37,134901,214,714,418,1498,346,483
242,6,37,134902,601,1964,1125,4287,1051,14944
243,6,37,135102,214,811,418,1619,417,1120
244,6,37,135111,212,812,394,1618,408,736
245,6,37,135112,420,1464,741,2946,661,12284
246,6,37,135201,175,573,324,1258,285,2164
247,6,37,135202,296,984,593,2095,530,838
248,6,37,135203,451,1518,948,3332,832,690
249,6,37,137000,302,1012,583,2190,512,1788
250,6,37,137102,498,1702,1020,3575,861,16583
251,6,37,137201,338,1233,648,2529,617,2150
252,6,37,137301,139,501,290,1045,250,264
253,6,37,137302,275,1012,557,2008,500,623
254,6,37,137401,280,998,565,2153,541,2195
255,6,37,137402,322,1195,736,2489,587,1793
256,6,37,137501,284,907,528,1865,476,4479
257,6,37,137502,291,947,530,1963,481,3911
258,6,37,137504,129,413,253,943,213,394
259,6,37,138000,303,1042,551,2089,485,694
260,6,37,139000,369,1163,662,2455,628,1631
261,6,37,139200,301,1206,631,2612,658,564
262,6,37,139301,305,954,544,2024,508,1254
263,6,37,139302,328,1068,661,2394,637,789
264,6,37,139303,324,1155,620,2365,583,1431
265,6,37,139400,380,1312,701,2781,674,9919
266,6,37,139501,535,1800,954,3822,976,971
267,6,37,139502,202,704,408,1538,354,1114
268,6,37,139600,282,1068,571,2151,495,4823
269,6,37,139701,275,984,559,2135,514,9872
270,6,37,139702,368,1357,708,2713,710,824
271,6,37,139703,218,718,356,1445,395,444
272,6,37,139801,220,760,409,1601,391,623
273,6,37,139802,253,856,451,1768,399,533
274,6,37,141100,404,1268,691,2713,653,2691
275,6,37,141200,462,1494,891,3126,731,4054
276,6,37,141301,380,1212,717,2716,667,2995
277,6,37,141302,386,1344,717,2825,641,5926
278,6,37,141400,314,1012,588,2114,589,9280
279,6,37,141500,191,673,355,1429,363,696
280,6,37,141600,267,909,522,1879,443,395
281,6,37,141700,188,667,349,1399,369,553
282,6,37,143100,227,803,457,1765,408,3038
283,6,37,143200,267,930,558,1955,516,1173
284,6,37,143300,418,1353,791,2809,681,1284
285,6,37,143400,393,1236,706,2602,681,1213
286,6,37,143500,257,950,582,2102,533,539
287,6,37,143601,365,1227,704,2574,603,2180
288,6,37,143602,278,831,507,1774,440,3130
289,6,37,143700,273,957,538,1960,446,3735
290,6,37,143800,317,1095,642,2305,566,3683
291,6,37,143901,262,893,513,1883,493,4485
292,6,37,143902,216,699,365,1411,333,1049
293,6,37,181000,383,1469,805,3171,829,2895
294,6,37,181300,260,916,522,1984,541,813
295,6,37,181400,360,1128,686,2375,582,1415
296,6,37,181500,267,1005,592,2119,559,592
297,6,37,181600,382,1475,778,3127,815,2604
298,6,37,183101,326,1054,606,2218,515,456
299,6,37,183102,517,1605,894,3509,866,335
300,6,37,183210,460,1458,835,2999,803,506
301,6,37,183220,326,1219,632,2510,649,646
302,6,37,183300,377,1367,751,2857,674,434
303,6,37,183400,350,1138,648,2383,548,841
304,6,37,183510,227,792,444,1711,427,284
305,6,37,183520,357,1206,655,2542,619,267
306,6,37,183610,280,1104,605,2319,585,475
307,6,37,183620,281,821,539,1959,504,344
308,6,37,183700,535,1789,1032,3827,978,830
309,6,37,183810,403,1332,786,2968,658,561
310,6,37,183820,319,1190,591,2366,577,30
311,6,37,185100,470,1606,885,3418,828,692
312,6,37,185201,415,1457,785,2999,782,1095
313,6,37,185202,270,985,584,2163,550,299
314,6,37,185310,273,965,559,1963,487,489
315,6,37,185320,270,910,505,1873,475,917
316,6,37,186100,359,1218,745,2610,676,249
317,6,37,186200,668,2139,1263,4393,1205,1250
318,6,37,186300,508,1660,915,3553,862,1077
319,6,37,186401,577,1839,1005,3941,963,4211
320,6,37,186402,499,1699,894,3590,877,1311
321,6,37,187100,497,1749,1066,3879,944,1881
322,6,37,187200,261,938,490,1861,433,1296
323,6,37,187300,273,853,537,1855,436,1941
324,6,37,188100,354,1116,661,2488,610,6110
325,6,37,188200,386,1405,735,2910,722,2346
326,6,37,188300,281,922,552,1955,455,882
327,6,37,189100,480,1478,878,3157,770,2347
328,6,37,189200,472,1643,903,3443,857,1308
329,6,37,189300,213,741,413,1567,376,705
330,6,37,189400,209,661,375,1368,375,673
331,6,37,189500,345,1061,637,2263,506,836
332,6,37,189600,264,834,492,1816,393,407
333,6,37,189701,262,876,454,1747,461,1265
334,6,37,189702,133,410,241,859,217,455
335,6,37,189800,170,655,346,1388,345,1059
336,6,37,189901,547,1707,1037,3745,925,1356
337,6,37,189902,411,1373,779,2938,700,1042
338,6,37,190100,434,1364,752,2886,689,4912
339,6,37,190200,508,1535,911,3273,847,2163
340,6,37,190301,423,1467,840,3170,739,1059
341,6,37,190400,473,1674,968,3650,948,684
342,6,37,190510,370,1207,707,2504,597,838
343,6,37,190520,330,1153,713,2528,609,682
344,6,37,190700,279,891,474,1893,463,6141
345,6,37,190800,458,1759,952,3707,860,6184
346,6,37,190901,425,1463,875,3191,763,1365
347,6,37,190902,412,1303,814,2760,696,1964
348,6,37,191000,243,854,478,1759,432,5675
349,6,37,191110,315,993,577,2202,554,1045
350,6,37,191120,387,1361,722,2812,710,922
351,6,37,191201,376,1335,696,2752,601,7205
352,6,37,191203,260,927,545,1982,475,372
353,6,37,191204,208,670,406,1501,350,178
354,6,37,191300,477,1508,922,3304,805,6520
355,6,37,191410,466,1507,827,3129,705,788
356,6,37,191420,334,1073,688,2365,550,810
357,6,37,191500,525,1669,971,3602,884,1914
358,6,37,191610,421,1409,780,3076,779,721
359,6,37,191620,193,726,382,1600,377,618
360,6,37,191710,304,979,543,2036,540,6039
361,6,37,191720,353,1260,678,2533,589,507
362,6,37,191810,344,1178,701,2524,614,1964
363,6,37,191820,268,922,521,1886,415,1760
364,6,37,191900,483,1662,984,3600,940,9683
365,6,37,192000,401,1292,713,2635,605,3122
366,6,37,192300,185,571,332,1288,334,1909
367,6,37,192410,309,1054,573,2138,519,1105
368,6,37,192420,339,1166,724,2530,607,453
369,6,37,192510,362,1109,654,2401,605,642
370,6,37,192520,508,1684,900,3505,875,186
371,6,37,192610,437,1473,835,2988,696,416
372,6,37,192620,365,1273,753,2773,682,1204
373,6,37,192700,321,1134,594,2500,548,1020
374,6,37,194100,425,1464,895,3204,793,1180
375,6,37,194200,359,1138,694,2569,631,2650
376,6,37,194300,113,436,272,929,226,562
377,6,37,194400,379,1295,727,2736,697,3601
378,6,37,194500,140,545,306,1056,241,2411
379,6,37,195100,280,1074,642,2260,606,1463
380,6,37,195200,423,1498,839,3101,716,2591
381,6,37,195300,283,937,535,1945,470,1151
382,6,37,195400,363,1126,633,2388,613,785
383,6,37,195500,383,1268,724,2780,707,961
384,6,37,195600,274,970,518,2057,494,782
385,6,37,195710,429,1454,883,3022,725,686
386,6,37,195720,253,897,526,1878,506,1416
387,6,37,195801,487,1636,921,3423,807,413
388,6,37,195802,251,834,484,1717,434,405
389,6,37,195900,559,1925,1100,4032,1033,745
390,6,37,197110,46,176,75,323,75,1269
391,6,37,197200,360,1294,715,2717,643,730
392,6,37,197300,364,1268,721,2565,680,589
393,6,37,197410,227,755,429,1556,396,443
394,6,37,197420,328,1055,668,2282,591,852
395,6,37,197500,410,1459,862,3075,769,1051
396,6,37,197600,256,844,492,1724,425,443
397,6,37,197700,466,1491,879,3200,807,591
398,6,37,199000,295,1080,562,2296,545,4815
399,6,37,199110,214,752,450,1559,399,225
400,6,37,199120,289,1005,574,2090,553,3397
401,6,37,199201,351,1248,762,2656,723,775
402,6,37,199202,254,913,493,1813,433,464
403,6,37,199300,333,1062,673,2347,578,255
404,6,37,199400,432,1356,797,2979,760,484
405,6,37,199700,279,935,564,1914,445,3195
406,6,37,199800,502,1666,909,3400,827,808
407,6,37,199900,232,711,441,1609,367,1646
408,6,37,201110,135,434,303,1057,245,143
409,6,37,201120,450,1409,848,3054,774,217
410,6,37,201200,215,733,457,1555,358,341
411,6,37,201301,299,958,563,2093,566,857
412,6,37,201302,262,933,503,1965,459,147
413,6,37,201401,366,1293,768,2841,702,613
414,6,37,201402,343,1148,602,2478,564,1535
415,6,37,201501,447,1514,909,3350,830,436
416,6,37,201503,286,935,535,2070,519,444
417,6,37,201504,214,687,385,1431,333,174
418,6,37,201600,386,1430,709,2929,716,2299
419,6,37,201700,341,1204,712,2650,634,1544
420,6,37,203100,421,1384,838,3050,686,857
421,6,37,203200,433,1451,862,2907,745,476
422,6,37,203300,108,343,213,733,166,14578
423,6,37,203500,317,1096,574,2344,599,3357
424,6,37,203600,582,1923,1128,3910,958,1198
425,6,37,203710,304,974,588,2040,498,144
426,6,37,203720,347,1243,678,2697,692,405
427,6,37,203800,395,1410,777,3019,720,365
428,6,37,203900,253,836,459,1806,434,591
429,6,37,204110,257,847,488,1818,488,163
430,6,37,204120,211,795,467,1737,425,171
431,6,37,204200,278,932,531,2019,545,393
432,6,37,204300,400,1507,778,3051,778,1324
433,6,37,204410,226,659,402,1512,412,694
434,6,37,204420,326,1132,653,2351,612,851
435,6,37,204600,382,1172,703,2411,579,669
436,6,37,204700,420,1374,811,2997,732,1279
437,6,37,204810,367,1248,706,2691,623,1087
438,6,37,204820,178,636,347,1283,302,149
439,6,37,204910,282,939,525,1967,438,804
440,6,37,204920,222,799,468,1550,329,3591
441,6,37,205110,387,1302,726,2840,693,295
442,6,37,205120,320,1141,704,2430,586,6912
443,6,37,206010,259,877,573,1986,502,2635
444,6,37,206020,744,2747,1564,5863,1367,11449
445,6,37,206030,85,291,155,610,149,2556
446,6,37,206040,273,922,517,2019,547,3032
447,6,37,206050,200,648,384,1492,336,28538
448,6,37,206200,266,833,509,1762,430,7265
449,6,37,206300,333,1197,714,2627,578,4835
450,6,37,207100,476,1601,898,3420,810,13853
451,6,37,207300,274,822,470,1814,477,37185
452,6,37,207400,93,290,182,625,172,37742
453,6,37,207500,288,1033,566,2166,547,27101
454,6,37,207710,99,343,187,712,152,53312
455,6,37,207900,149,580,301,1212,313,19728
456,6,37,208000,365,1269,707,2602,546,3341
457,6,37,208300,616,2029,1202,4325,1026,1864
458,6,37,208400,554,1647,1041,3717,917,1236
459,6,37,208500,530,1859,998,3909,1096,2010
460,6,37,208610,334,1211,729,2604,653,714
461,6,37,208620,411,1408,806,3120,776,413
462,6,37,208710,419,1318,767,2775,699,449
463,6,37,208720,302,1024,614,2359,592,1896
464,6,37,208800,530,1877,1077,4031,1020,3066
465,6,37,208902,225,758,425,1482,360,1065
466,6,37,208903,359,1342,732,2717,675,1530
467,6,37,208904,322,1123,618,2416,616,180
468,6,37,209101,625,2069,1188,4485,995,351
469,6,37,209102,415,1535,817,3186,750,4203
470,6,37,209200,136,499,225,994,211,9441
471,6,37,209300,289,1007,548,2155,582,2592
472,6,37,209401,351,1181,671,2455,591,813
473,6,37,209402,351,1069,630,2198,548,569
474,6,37,209403,310,1054,536,2241,577,737
475,6,37,209510,227,820,444,1699,436,831
476,6,37,209520,237,849,469,1772,392,1834
477,6,37,209810,214,763,413,1616,383,455
478,6,37,209820,232,773,456,1703,420,478
479,6,37,210010,333,1005,637,2201,562,2563
480,6,37,211000,304,1059,568,2163,561,7921
481,6,37,211110,505,1639,893,3460,895,2350
482,6,37,211120,465,1550,856,3198,823,6750
483,6,37,211200,560,1883,1133,3922,913,463
484,6,37,211310,374,1272,710,2708,711,314
485,6,37,211320,343,1107,630,2252,473,506
486,6,37,211410,307,945,554,2106,550,758
487,6,37,211420,351,1088,642,2367,604,823
488,6,37,211500,362,1247,713,2700,693,1132
489,6,37,211701,242,822,409,1683,387,2446
490,6,37,211702,691,2335,1257,5048,1281,1656
491,6,37,211801,591,2104,1146,4449,1102,818
492,6,37,211802,371,1367,751,2758,717,3335
493,6,37,211910,424,1550,867,3193,733,303
494,6,37,211920,559,1909,983,4100,974,658
495,6,37,212100,481,1520,816,3241,883,6902
496,6,37,212202,389,1185,737,2422,600,1231
497,6,37,212203,253,790,511,1767,460,542
498,6,37,212204,278,1013,603,2171,526,701
499,6,37,212303,278,934,569,1980,459,3037
500,6,37,212304,198,727,396,1459,373,2337
501,6,37,212305,301,995,540,2043,473,59
502,6,37,212306,333,1126,664,2348,565,567
503,6,37,212410,394,1172,697,2625,675,4270
504,6,37,212420,335,1099,617,2352,586,272
505,6,37,212500,547,1711,1069,3822,946,4106
506,6,37,212610,347,1162,723,2501,637,1402
507,6,37,212620,434,1438,835,3051,745,268
508,6,37,212700,507,1704,936,3573,864,2959
509,6,37,212800,423,1352,721,2807,660,713
510,6,37,212900,413,1235,746,2763,648,216
511,6,37,213100,214,726,440,1549,366,1073
512,6,37,213201,325,1174,674,2411,607,1555
513,6,37,213202,342,1202,634,2435,622,413
514,6,37,213310,337,1004,600,2176,547,410
515,6,37,213320,235,717,465,1619,414,1433
516,6,37,213401,543,1710,1019,3544,940,486
517,6,37,213402,470,1520,881,3311,782,1303
518,6,37,214000,259,923,511,1890,428,2425
519,6,37,214100,292,944,535,1921,446,1368
520,6,37,214400,190,722,371,1479,365,538
521,6,37,214500,672,2116,1267,4525,1176,3377
522,6,37,214600,162,588,341,1187,320,2516
523,6,37,214700,171,591,327,1187,307,1864
524,6,37,214800,155,572,308,1220,263,3561
525,6,37,214900,405,1382,801,2949,628,7204
526,6,37,215100,427,1314,822,3021,691,3903
527,6,37,216100,178,579,323,1233,299,280
528,6,37,216200,324,1056,596,2304,555,1561
529,6,37,216300,321,1094,634,2362,588,15377
530,6,37,216400,478,1664,1002,3412,808,1734
531,6,37,216700,291,897,492,1954,496,1114
532,6,37,216800,260,854,485,1865,474,914
533,6,37,216900,385,1251,771,2647,616,1031
534,6,37,217000,458,1588,937,3531,874,2624
535,6,37,217100,417,1574,816,3275,765,1158
536,6,37,217200,291,954,559,2125,505,2029
537,6,37,218110,249,987,540,1927,444,1115
538,6,37,218120,377,1256,706,2762,630,349
539,6,37,218210,349,1252,713,2692,679,557
540,6,37,218220,347,1172,703,2450,644,307
541,6,37,218300,417,1469,827,3075,717,956
542,6,37,218400,462,1539,886,3308,789,919
543,6,37,218500,246,814,514,1731,446,358
544,6,37,218600,303,960,540,1989,518,370
545,6,37,218700,307,1102,623,2344,575,868
546,6,37,218800,221,721,451,1625,399,340
547,6,37,218900,399,1364,784,2974,755,323
548,6,37,219010,200,770,399,1469,323,207
549,6,37,219020,340,1101,640,2417,571,458
550,6,37,219300,281,923,484,1920,556,1024
551,6,37,219500,117,457,181,792,174,371
552,6,37,219700,246,833,488,1688,406,1681
553,6,37,219800,361,1352,760,2845,670,706
554,6,37,219900,474,1635,1005,3419,841,1286
555,6,37,220000,387,1258,733,2644,672,1133
556,6,37,220100,160,526,333,1200,335,1120
557,6,37,221110,333,1077,623,2393,611,400
558,6,37,221120,299,935,542,2037,530,649
559,6,37,221210,254,942,499,1894,417,517
560,6,37,221220,339,1084,585,2188,503,1895
561,6,37,221301,514,1644,1018,3688,960,734
562,6,37,221302,375,1234,709,2757,670,1038
563,6,37,221400,305,1025,632,2316,527,1663
564,6,37,221500,385,1428,772,2936,695,894
565,6,37,221600,407,1433,745,3071,765,1386
566,6,37,221710,387,1339,725,2783,654,1400
567,6,37,221810,239,802,494,1738,467,587
568,6,37,221820,219,900,503,1906,454,523
569,6,37,221900,410,1469,859,3120,739,942
570,6,37,222000,538,1906,1077,4172,984,640
571,6,37,222100,286,1056,578,2072,531,242
572,6,37,222200,343,1025,631,2186,587,278
573,6,37,222500,355,1133,691,2502,639,627
574,6,37,222600,414,1445,809,3159,704,658
575,6,37,222700,0,0,0,0,0,9459
576,6,37,224010,227,802,463,1598,369,9078
577,6,37,224020,231,774,395,1558,377,6416
578,6,37,224200,261,887,479,1878,440,2399
579,6,37,224310,175,620,370,1344,366,367
580,6,37,224320,319,958,586,2065,502,1215
581,6,37,224410,282,978,553,2006,477,999
582,6,37,224420,226,683,388,1366,320,611
583,6,37,224600,313,1049,666,2300,631,7690
584,6,37,224700,379,1413,757,2948,666,1902
585,6,37,226000,354,1279,731,2710,630,38751
586,6,37,226410,346,1214,665,2534,607,992
587,6,37,226420,433,1491,848,3192,801,515
588,6,37,226700,588,1857,1116,3943,1014,2655
589,6,37,227010,350,1211,720,2683,639,1773
590,6,37,227020,298,1073,610,2204,528,838
591,6,37,228100,432,1348,813,3077,805,2933
592,6,37,228210,287,947,538,2091,571,633
593,6,37,228220,334,1160,652,2362,587,338
594,6,37,228310,419,1316,781,2907,752,738
595,6,37,228320,246,896,470,1863,463,389
596,6,37,228410,471,1583,917,3224,746,1443
597,6,37,228420,214,841,446,1731,411,267
598,6,37,228500,400,1343,734,2870,702,433
599,6,37,228600,412,1372,766,2888,738,611
600,6,37,228710,336,1100,645,2491,598,340
601,6,37,228720,387,1182,701,2567,642,235
602,6,37,228800,458,1518,825,3325,795,1821
603,6,37,228900,251,885,491,1902,474,496
604,6,37,229100,369,1211,686,2556,639,311
605,6,37,229200,376,1177,713,2440,645,487
606,6,37,229300,429,1392,881,3000,818,325
607,6,37,229410,267,976,506,1974,469,1108
608,6,37,229420,391,1224,717,2745,684,793
609,6,37,231100,114,378,221,818,209,4356
610,6,37,231210,268,1015,577,2093,535,59
611,6,37,231220,312,986,554,2107,556,1920
612,6,37,231300,369,1305,666,2672,645,535
613,6,37,231400,329,1045,601,2323,581,260
614,6,37,231500,278,1128,571,2225,548,713
615,6,37,231600,466,1731,878,3616,863,1387
616,6,37,231710,375,1245,714,2622,646,523
617,6,37,231720,351,1146,677,2430,576,278
618,6,37,231800,506,1753,892,3439,802,1061
619,6,37,231900,488,1778,991,3718,900,650
620,6,37,232110,235,924,476,1761,409,361
621,6,37,232120,283,921,557,1982,484,200
622,6,37,232200,241,801,477,1679,390,264
623,6,37,232300,257,956,548,2040,520,191
624,6,37,232400,435,1613,894,3397,791,500
625,6,37,232500,314,1034,610,2323,608,656
626,6,37,232600,468,1383,862,3058,788,365
627,6,37,232700,345,1268,684,2611,653,616
628,6,37,232800,351,1152,725,2486,713,438
629,6,37,234000,309,1194,670,2489,617,587
630,6,37,234200,163,495,271,1073,264,852
631,6,37,234300,268,987,536,1957,499,1027
632,6,37,234500,369,1284,744,2665,640,1258
633,6,37,234600,362,1143,656,2435,607,1021
634,6,37,234700,284,1050,494,2057,476,628
635,6,37,234800,211,845,475,1729,360,87
636,6,37,234900,544,1824,1081,4034,958,775
637,6,37,235100,318,1049,625,2217,559,221
638,6,37,235201,197,675,363,1308,342,137
639,6,37,235202,357,1199,701,2531,591,697
640,6,37,236000,301,911,523,1912,450,1224
641,6,37,236100,396,1086,717,2451,585,2506
642,6,37,236201,461,1593,907,3387,850,323
643,6,37,236202,449,1588,974,3377,933,464
644,6,37,236400,264,908,533,1962,473,261
645,6,37,237100,497,1843,1059,3878,957,1571
646,6,37,237200,497,1675,890,3367,878,2222
647,6,37,237300,378,1301,735,2712,684,636
648,6,37,237400,555,2113,1138,4411,1039,332
649,6,37,237500,284,1003,546,2163,524,443
650,6,37,237600,465,1539,885,3417,903,421
651,6,37,237710,308,1118,640,2428,552,671
652,6,37,237720,292,969,552,2060,539,361
653,6,37,237800,327,1009,593,2135,524,324
654,6,37,237900,246,814,422,1708,415,291
655,6,37,238000,443,1307,793,2823,694,465
656,6,37,238100,294,1035,596,2298,573,341
657,6,37,238200,328,1190,695,2587,580,1068
658,6,37,238310,436,1514,853,3255,843,204
659,6,37,238320,311,1064,721,2346,645,451
660,6,37,238400,279,865,574,1954,497,873
661,6,37,239200,552,1829,980,4079,981,4799
662,6,37,239310,222,698,443,1474,374,426
663,6,37,239320,239,778,495,1740,440,220
664,6,37,239330,262,705,417,1550,339,5337
665,6,37,239500,448,1598,908,3367,853,1178
666,6,37,239600,449,1490,810,3099,728,1014
667,6,37,239700,493,1663,919,3467,945,452
668,6,37,239800,622,1940,1191,4272,1067,513
669,6,37,240010,287,939,581,1951,508,1133
670,6,37,240020,312,1149,645,2358,610,156
671,6,37,240200,453,1492,828,3219,829,637
672,6,37,240300,517,1618,1010,3549,909,676
673,6,37,240400,467,1498,927,3337,795,324
674,6,37,240500,462,1534,869,3289,852,561
675,6,37,240600,321,1126,609,2413,588,885
676,6,37,240700,357,1367,725,2804,660,441
677,6,37,240800,317,989,568,2092,520,450
678,6,37,240900,403,1252,770,2766,626,1097
679,6,37,241000,445,1467,837,3040,716,767
680,6,37,241110,215,696,406,1504,375,403
681,6,37,241120,409,1510,928,3316,764,818
682,6,37,241200,387,1239,633,2660,658,560
683,6,37,241300,217,749,425,1602,404,157
684,6,37,241400,338,1092,587,2406,638,368
685,6,37,242000,227,869,470,1842,423,617
686,6,37,242100,212,653,377,1481,382,299
687,6,37,242200,424,1535,918,3269,762,498
688,6,37,242300,297,1014,586,2061,513,660
689,6,37,242600,374,1255,690,2768,654,271
690,6,37,242700,365,1232,719,2770,712,840
691,6,37,243000,438,1563,814,3289,857,228
692,6,37,243100,383,1261,721,2733,646,387
693,6,37,261101,245,871,479,1915,483,887
694,6,37,261102,283,988,521,2031,486,1273
695,6,37,261200,303,1006,563,2094,516,808
696,6,37,262100,239,741,496,1629,432,1826
697,6,37,262200,282,960,613,2100,509,2434
698,6,37,262301,175,619,314,1324,316,1204
699,6,37,262302,225,636,385,1296,304,2673
700,6,37,262303,198,741,342,1452,362,901
701,6,37,262400,231,675,416,1529,402,830
702,6,37,262500,240,808,460,1671,466,1320
703,6,37,262601,210,787,425,1585,373,442
704,6,37,262602,406,1458,843,3141,729,2189
705,6,37,262701,232,780,425,1633,405,986
706,6,37,262702,243,781,445,1717,425,2354
707,6,37,262800,247,841,454,1722,450,1526
708,6,37,264000,188,685,402,1523,367,1898
709,6,37,264101,368,1243,637,2635,618,2359
710,6,37,264301,354,1079,618,2391,517,5692
711,6,37,264302,364,1209,755,2632,609,3807
712,6,37,265100,158,524,325,1133,255,1858
713,6,37,265200,474,1591,955,3309,854,1678
714,6,37,265301,564,1777,1104,3774,914,31311
715,6,37,265303,300,1079,562,2267,523,116
716,6,37,265304,305,937,572,2127,543,231
717,6,37,265305,214,811,424,1628,352,1499
718,6,37,265410,98,334,158,652,190,298
719,6,37,265420,108,393,200,881,194,627
720,6,37,265510,282,1008,487,2069,538,14115
721,6,37,265520,304,992,533,2116,559,3007
722,6,37,265600,368,1295,724,2815,651,1884
723,6,37,265700,295,1014,585,2112,541,1931
724,6,37,267100,382,1265,738,2760,703,36843
725,6,37,267200,385,1243,714,2817,706,2444
726,6,37,267300,426,1336,777,2902,630,5883
727,6,37,267401,388,1390,705,2921,736,2347
728,6,37,267402,313,1176,660,2468,658,3695
729,6,37,267501,426,1442,830,3028,745,1169
730,6,37,267502,256,805,484,1757,463,962
731,6,37,267600,200,733,370,1464,344,8752
732,6,37,267700,105,423,247,894,205,9580
733,6,37,267800,184,631,358,1356,310,4717
734,6,37,267900,309,1159,609,2427,572,8713
735,6,37,269000,321,1112,598,2297,563,1351
736,6,37,269100,313,1024,624,2268,627,2542
737,6,37,269300,267,953,553,2042,472,1462
738,6,37,269500,258,858,516,1950,507,385
739,6,37,269600,587,1862,1059,3864,1002,737
740,6,37,269700,338,1096,715,2344,576,1445
741,6,37,269800,278,871,493,1839,426,264
742,6,37,269901,577,2027,1186,4469,1104,2144
743,6,37,269902,534,1947,1069,4121,973,1526
744,6,37,270100,347,1187,647,2526,590,1532
745,6,37,270200,213,808,432,1655,412,1232
746,6,37,270300,265,896,510,1781,462,3054
747,6,37,271100,287,884,531,1938,467,1308
748,6,37,271200,268,999,582,2077,506,1006
749,6,37,271300,202,724,405,1556,425,787
750,6,37,271400,231,791,425,1679,393,465
751,6,37,271500,187,681,360,1418,316,419
752,6,37,271600,164,568,345,1219,331,423
753,6,37,271701,414,1262,713,2666,665,630
754,6,37,271702,430,1363,768,2829,703,1240
755,6,37,271801,423,1289,744,2703,690,443
756,6,37,271802,429,1550,889,3315,814,760
757,6,37,271900,505,1422,902,3214,788,761
758,6,37,272100,325,1090,631,2216,544,879
759,6,37,272200,470,1681,874,3287,859,406
760,6,37,272301,217,782,457,1685,442,303
761,6,37,272302,338,1220,719,2553,658,748
762,6,37,273100,265,816,516,1770,451,860
763,6,37,273200,328,1140,657,2476,590,1386
764,6,37,273300,316,1021,576,2262,599,1822
765,6,37,273400,244,750,432,1664,397,1522
766,6,37,273500,224,761,386,1528,345,1649
767,6,37,273600,162,602,348,1282,288,1001
768,6,37,273700,184,639,403,1491,376,581
769,6,37,273800,238,788,445,1530,346,1095
770,6,37,273900,306,918,542,2074,420,1095
771,6,37,274100,159,574,334,1226,271,1620
772,6,37,274200,290,929,561,1954,477,1182
773,6,37,275100,421,1606,884,3307,899,663
774,6,37,275200,341,1096,677,2330,636,208
775,6,37,275302,263,856,484,1790,437,4816
776,6,37,275311,360,1281,715,2540,644,592
777,6,37,275400,151,507,307,1068,274,2714
778,6,37,275510,200,753,398,1543,406,721
779,6,37,275520,205,753,378,1466,377,27
780,6,37,275601,477,1620,908,3349,876,5324
781,6,37,276000,351,1138,740,2476,586,2817
782,6,37,276100,310,1073,562,2295,531,1142
783,6,37,276400,261,907,509,1889,439,446
784,6,37,276500,262,879,464,1840,434,2734
785,6,37,276601,199,798,442,1680,417,867
786,6,37,276602,562,1874,1020,3853,967,2125
787,6,37,277000,398,1203,648,2557,630,1769
788,6,37,277100,209,697,421,1550,358,1364
789,6,37,277200,273,932,520,2067,505,10001
790,6,37,277400,339,1127,633,2411,590,676
791,6,37,278000,180,577,316,1220,284,52890
792,6,37,278100,187,611,357,1367,366,662
793,6,37,291110,228,879,397,1799,385,97
794,6,37,291120,171,591,333,1218,264,1813
795,6,37,291130,273,932,449,1950,540,2747
796,6,37,291210,394,1322,726,2850,714,1675
797,6,37,291220,255,1009,544,1989,471,477
798,6,37,291300,201,641,365,1370,338,2613
799,6,37,292000,537,1881,1043,3856,981,10375
800,6,37,293201,514,1737,996,3840,918,541
801,6,37,293202,564,1885,1108,4215,1008,1984
802,6,37,293301,215,759,416,1540,361,799
803,6,37,293302,363,1107,630,2433,562,1438
804,6,37,293304,338,1179,694,2415,575,418
805,6,37,293305,333,1201,714,2507,687,809
806,6,37,294110,336,1056,640,2232,551,670
807,6,37,294120,209,743,414,1503,375,2798
808,6,37,294200,350,1255,705,2604,629,841
809,6,37,294300,559,2007,1077,4074,983,535
810,6,37,294410,307,1071,633,2188,518,594
811,6,37,294420,301,973,559,1997,526,3041
812,6,37,294510,385,1216,690,2582,631,414
813,6,37,294520,279,1062,564,2219,574,600
814,6,37,294610,303,1112,606,2316,608,716
815,6,37,294620,336,1057,607,2263,560,996
816,6,37,294700,261,949,531,2005,538,5553
817,6,37,294810,343,1251,759,2520,622,109
818,6,37,294820,311,1134,594,2351,577,964
819,6,37,294830,281,917,565,1924,466,1262
820,6,37,294900,281,843,478,1842,469,1410
821,6,37,295101,329,1131,715,2533,679,2713
822,6,37,296100,98,350,188,769,206,3857
823,6,37,296210,235,810,436,1677,398,637
824,6,37,296220,270,1001,562,2115,472,2478
825,6,37,296300,313,1080,607,2243,557,849
826,6,37,296400,398,1430,898,3074,742,1441
827,6,37,296500,272,1046,558,2149,474,522
828,6,37,296600,424,1330,797,2943,730,2205
829,6,37,296900,626,2172,1152,4589,1052,1541
830,6,37,297000,389,1278,777,2643,587,452
831,6,37,297110,371,1275,702,2638,662,812
832,6,37,297120,268,845,465,1861,479,942
833,6,37,297200,584,1992,1112,4099,1040,390
834,6,37,297300,197,704,415,1452,354,681
835,6,37,297400,216,690,446,1622,369,335
836,6,37,297500,226,783,410,1561,380,300
837,6,37,297600,425,1519,914,3292,838,771
838,6,37,300100,324,1259,690,2800,636,473
839,6,37,300200,366,1171,727,2574,652,1350
840,6,37,300300,432,1518,910,3199,801,1074
841,6,37,300400,434,1280,799,2895,714,1173
842,6,37,300501,278,937,519,1939,509,1607
843,6,37,300502,369,1312,688,2721,703,817
844,6,37,300600,545,1814,1020,3943,950,3612
845,6,37,300701,412,1417,752,2995,751,483
846,6,37,300702,394,1225,776,2619,675,416
847,6,37,300800,511,1637,919,3440,861,3782
848,6,37,300901,463,1550,852,3255,803,511
849,6,37,300902,127,431,265,997,221,288
850,6,37,301000,374,1229,674,2558,623,3634
851,6,37,301100,437,1528,894,3201,769,984
852,6,37,301202,565,1974,1093,4164,1059,1397
853,6,37,301203,244,978,587,2158,514,354
854,6,37,301204,343,1180,657,2355,629,1312
855,6,37,301300,122,428,259,970,266,157
856,6,37,301400,251,850,502,1807,508,438
857,6,37,301501,143,410,261,902,236,100
858,6,37,301502,579,2028,1125,4063,1042,914
859,6,37,301601,562,1850,1080,4081,989,11680
860,6,37,301602,318,1092,606,2328,573,1740
861,6,37,301701,224,710,382,1399,371,1749
862,6,37,301702,438,1539,849,3401,827,1505
863,6,37,301800,630,2118,1146,4576,1160,13334
864,6,37,301900,535,1780,1167,3811,919,7455
865,6,37,302001,643,2131,1271,4504,1098,1536
866,6,37,302002,270,895,507,1806,429,6709
867,6,37,302102,549,1789,1018,3785,989,784
868,6,37,302103,580,1738,1035,3647,821,811
869,6,37,302104,316,1140,606,2451,565,1046
870,6,37,302201,287,884,544,1964,503,4112
871,6,37,302202,456,1622,867,3475,787,1429
872,6,37,302301,271,959,540,2022,471,4070
873,6,37,302302,529,1765,983,3621,855,1700
874,6,37,302400,487,1487,858,3172,826,8078
875,6,37,302501,780,2726,1616,5807,1341,1344
876,6,37,302502,648,2192,1235,4601,1138,2201
877,6,37,310100,352,1272,690,2635,652,613
878,6,37,310200,709,2398,1415,5113,1342,753
879,6,37,310300,198,659,368,1439,345,290
880,6,37,310400,239,794,472,1763,400,2738
881,6,37,310500,265,985,525,2053,466,13085
882,6,37,310600,648,2298,1288,4893,1174,2598
883,6,37,310701,166,491,298,1092,279,2281
884,6,37,310702,458,1626,938,3358,796,7127
885,6,37,310703,371,1274,761,2817,673,2960
886,6,37,310800,363,1212,701,2471,581,6239
887,6,37,310900,540,1604,984,3405,897,3090
888,6,37,311000,282,901,518,1911,474,2626
889,6,37,311100,315,955,587,2066,446,2330
890,6,37,311200,229,715,428,1556,429,1557
891,6,37,311300,253,825,456,1833,522,1779
892,6,37,311400,158,501,290,1081,311,1294
893,6,37,311500,352,1307,731,2718,700,1450
894,6,37,311600,452,1606,946,3567,852,21991
895,6,37,311700,424,1459,749,3039,748,10406
896,6,37,311800,644,2082,1242,4515,1106,5231
897,6,37,320100,519,1772,930,3709,858,5316
898,6,37,320200,754,2475,1458,5352,1392,7404
899,6,37,320300,591,1934,1126,4013,1036,5209
900,6,37,400203,327,1160,650,2392,605,86
901,6,37,400204,444,1642,889,3476,859,587
902,6,37,400205,225,652,358,1313,320,167
903,6,37,400206,401,1312,820,2841,672,267
904,6,37,400302,215,678,386,1416,374,575
905,6,37,400303,272,943,530,1960,478,850
906,6,37,400304,508,1775,1012,3523,905,1972
907,6,37,400401,313,1016,665,2202,516,757
908,6,37,400402,232,846,447,1862,486,1431
909,6,37,400500,161,503,313,1074,260,518
910,6,37,400602,355,1233,659,2545,693,2761
911,6,37,400603,331,1041,616,2204,515,2576
912,6,37,400604,210,616,466,1455,376,421
913,6,37,400800,232,779,429,1691,383,1979
914,6,37,400900,252,909,510,1939,441,3149
915,6,37,401001,215,706,391,1499,378,381
916,6,37,401002,284,871,479,1853,490,1953
917,6,37,401101,372,1264,762,2707,687,1707
918,6,37,401102,220,781,445,1563,384,3058
919,6,37,401201,237,785,428,1675,421,1088
920,6,37,401202,300,1097,551,2313,595,3195
921,6,37,401203,370,1309,760,2851,679,556
922,6,37,401302,641,2024,1145,4383,1083,1149
923,6,37,401311,510,1653,970,3507,838,5781
924,6,37,401312,396,1318,730,2677,684,2293
925,6,37,401500,415,1406,789,2945,736,3770
926,6,37,401601,319,1143,627,2258,586,1406
927,6,37,401602,462,1384,766,2999,740,1575
928,6,37,401603,199,654,389,1340,305,1011
929,6,37,401701,260,950,513,1899,493,656
930,6,37,401703,289,932,574,1852,526,1103
931,6,37,401704,358,1337,721,2714,609,1336
932,6,37,401800,536,1670,995,3651,900,2360
933,6,37,401901,302,1121,611,2280,523,3909
934,6,37,401902,411,1375,757,2856,674,3163
935,6,37,402000,532,1859,1103,3942,971,2116
936,6,37,402101,363,1260,671,2564,696,411
937,6,37,402102,357,1156,696,2493,591,2650
938,6,37,402200,502,1759,942,3632,892,2353
939,6,37,402301,432,1420,825,3108,708,219
940,6,37,402302,651,2257,1345,4617,1155,883
941,6,37,402401,586,2148,1215,4536,1068,745
942,6,37,402402,550,1875,1086,3837,919,6942
943,6,37,402403,453,1581,961,3401,775,3348
944,6,37,402404,0,0,0,0,0,1241
945,6,37,402501,450,1578,839,3247,713,681
946,6,37,402502,551,1917,1129,4038,1025,255
947,6,37,402600,581,1872,1075,4058,1006,1564
948,6,37,402702,548,1868,1079,3961,1036,1958
949,6,37,402703,337,1164,709,2496,574,354
950,6,37,402704,532,1862,1028,4039,1008,626
951,6,37,402801,429,1454,820,3159,754,2277
952,6,37,402802,650,2237,1283,4674,1136,1268
953,6,37,402901,584,2080,1155,4397,1144,4263
954,6,37,402902,508,1756,1006,3680,938,536
955,6,37,403000,560,1903,1083,3912,950,1463
956,6,37,403200,54,162,100,352,98,2189
957,6,37,403303,199,612,375,1363,339,6134
958,6,37,403304,390,1332,779,2989,732,963
959,6,37,403305,159,603,342,1223,292,160
960,6,37,403312,314,1250,747,2566,594,545
961,6,37,403316,492,1659,952,3343,888,1396
962,6,37,403317,328,1125,669,2323,652,414
963,6,37,403318,437,1516,837,3148,777,378
964,6,37,403319,330,1248,644,2457,634,1351
965,6,37,403320,430,1444,897,3094,701,483
966,6,37,403321,446,1596,895,3291,803,478
967,6,37,403322,292,990,553,2069,491,796
968,6,37,403323,373,1325,716,2600,589,2942
969,6,37,403324,540,1852,1078,3824,985,796
970,6,37,403325,342,1141,658,2457,621,1063
971,6,37,403401,382,1344,772,2834,609,2217
972,6,37,403402,259,840,512,1862,465,2149
973,6,37,403403,410,1381,790,2849,785,155
974,6,37,403404,195,662,360,1377,337,266
975,6,37,403405,103,435,242,887,238,1849
976,6,37,403406,191,739,397,1554,416,187
977,6,37,403407,140,516,300,1208,296,429
978,6,37,403408,547,1785,973,3649,891,925
979,6,37,403500,103,342,178,703,209,258
980,6,37,403600,440,1428,821,3176,776,2902
981,6,37,403702,267,860,493,1807,499,644
982,6,37,403703,305,1098,665,2377,569,278
983,6,37,403721,355,1133,707,2425,613,2769
984,6,37,403722,460,1435,906,3124,812,2184
985,6,37,403801,444,1404,853,2984,750,1397
986,6,37,403802,404,1389,760,2665,674,472
987,6,37,403901,244,741,437,1663,394,727
988,6,37,403902,393,1205,751,2566,618,1604
989,6,37,404000,371,1120,656,2395,589,737
990,6,37,404100,517,1766,932,3642,914,265
991,6,37,404200,653,1969,1234,4403,1025,1165
992,6,37,404301,435,1514,830,3181,764,1557
993,6,37,404302,170,637,325,1403,326,288
994,6,37,404401,289,986,575,2124,507,2146
995,6,37,404402,326,1224,694,2557,623,3169
996,6,37,404501,249,830,468,1835,403,1223
997,6,37,404502,662,2159,1339,4749,1151,256
998,6,37,404600,127,392,226,823,194,13406
999,6,37,404701,496,1559,840,3375,754,415
1000,6,37,404702,493,1627,1019,3475,815,849
1001,6,37,404703,258,908,531,1905,500,4651
1002,6,37,404801,539,1753,1075,3881,964,794
1003,6,37,404802,349,1111,673,2515,690,533
1004,6,37,404803,160,503,290,1044,266,591
1005,6,37,404901,429,1497,834,3188,749,1870
1006,6,37,404902,301,964,547,2034,438,55
1007,6,37,404903,222,766,453,1558,405,62
1008,6,37,405001,455,1617,917,3323,877,2270
1009,6,37,405002,238,847,432,1810,443,1335
1010,6,37,405101,398,1427,839,3015,746,535
1011,6,37,405102,336,1260,743,2778,733,906
1012,6,37,405201,391,1352,758,2748,716,2058
1013,6,37,405202,378,1235,773,2718,695,1294
1014,6,37,405203,248,862,489,1829,439,363
1015,6,37,405300,662,2199,1263,4801,1209,2170
1016,6,37,405400,344,1157,658,2405,557,210
1017,6,37,405500,502,1659,953,3419,903,781
1018,6,37,405600,378,1193,684,2713,711,1724
1019,6,37,405700,652,2189,1201,4666,1170,2874
1020,6,37,405800,451,1443,827,3123,752,1318
1021,6,37,405900,299,992,604,2017,450,611
1022,6,37,406000,352,1168,698,2545,581,1288
1023,6,37,406101,214,727,400,1442,378,3546
1024,6,37,406102,407,1402,793,2987,783,2380
1025,6,37,406200,401,1364,769,2982,734,2808
1026,6,37,406300,334,1238,724,2538,661,1084
1027,6,37,406402,147,494,276,1080,254,147
1028,6,37,406411,158,575,288,1149,244,596
1029,6,37,406412,162,554,311,1168,268,183
1030,6,37,406500,477,1620,938,3627,838,999
1031,6,37,406601,369,1221,705,2630,630,502
1032,6,37,406602,363,1300,684,2663,603,625
1033,6,37,406700,661,2281,1324,4802,1146,10186
1034,6,37,406800,383,1206,686,2498,592,618
1035,6,37,406900,643,2150,1236,4693,1135,1340
1036,6,37,407001,499,1630,929,3401,847,261
1037,6,37,407002,313,1078,633,2384,513,5350
1038,6,37,407101,370,1216,830,2723,673,758
1039,6,37,407102,436,1488,870,3109,744,191
1040,6,37,407200,571,1913,1074,4072,968,1067
1041,6,37,407301,379,1310,746,2878,727,210
1042,6,37,407302,276,947,547,2019,470,340
1043,6,37,407400,145,530,337,1124,234,272
1044,6,37,407500,672,2267,1229,4668,1189,1682
1045,6,37,407600,652,2149,1245,4598,1192,2311
1046,6,37,407701,480,1553,918,3303,823,355
1047,6,37,407702,500,1748,916,3540,891,1692
1048,6,37,407800,722,2433,1316,5054,1250,1152
1049,6,37,407900,482,1580,860,3354,874,347
1050,6,37,408001,564,2047,1062,4357,1086,1224
1051,6,37,408002,583,1946,1176,4163,1028,510
1052,6,37,408101,676,2109,1214,4564,1112,487
1053,6,37,408102,728,2468,1493,5435,1303,1002
1054,6,37,408132,922,2828,1721,6371,1431,663
1055,6,37,408133,472,1480,825,3142,774,310
1056,6,37,408134,226,756,430,1604,356,50
1057,6,37,408135,350,1133,658,2420,547,59
1058,6,37,408202,190,726,418,1600,412,21759
1059,6,37,408211,497,1628,959,3459,843,12039
1060,6,37,408212,351,1136,662,2470,579,2761
1061,6,37,408301,457,1543,914,3469,849,1414
1062,6,37,408302,277,904,561,2021,502,1364
1063,6,37,408303,318,1003,616,2126,543,221
1064,6,37,408401,332,1106,593,2407,580,471
1065,6,37,408402,374,1369,825,2887,661,3626
1066,6,37,408501,262,936,501,1920,487,1015
1067,6,37,408502,614,2134,1213,4316,1119,1610
1068,6,37,408503,498,1555,867,3340,810,864
1069,6,37,408601,620,2002,1185,4262,964,1013
1070,6,37,408623,237,796,467,1706,448,228
1071,6,37,408624,270,891,527,1868,478,357
1072,6,37,408625,314,1088,557,2329,584,970
1073,6,37,408626,415,1460,840,3020,720,971
1074,6,37,408627,247,854,474,1756,437,66
1075,6,37,408628,429,1361,807,2966,752,735
1076,6,37,408629,207,715,404,1590,375,258
1077,6,37,408703,567,1852,1089,3941,899,341
1078,6,37,408704,241,798,500,1704,398,704
1079,6,37,408705,377,1439,842,3059,822,1941
1080,6,37,408706,119,413,258,860,211,72
1081,6,37,408721,725,2453,1373,5074,1170,1086
1082,6,37,408722,360,1173,705,2456,578,316
1083,6,37,408800,300,976,549,2093,523,5456
1084,6,37,430001,327,1084,633,2413,577,333
1085,6,37,430002,501,1897,1013,3810,1035,2283
1086,6,37,430101,371,1153,617,2426,560,4166
1087,6,37,430102,348,1355,775,2876,745,305
1088,6,37,430200,78,284,127,533,157,155
1089,6,37,430301,283,896,531,1997,514,339
1090,6,37,430302,429,1404,838,2960,762,830
1091,6,37,430400,290,984,584,2127,562,2129
1092,6,37,430501,259,972,562,1993,452,1046
1093,6,37,430502,440,1521,895,3250,788,2042
1094,6,37,430600,335,995,610,2097,550,611
1095,6,37,430701,361,1294,739,2672,658,887
1096,6,37,430721,254,797,455,1642,396,6963
1097,6,37,430723,280,996,512,2081,460,501
1098,6,37,430724,326,1031,624,2270,581,676
1099,6,37,430801,504,1667,960,3508,832,5923
1100,6,37,430802,288,998,547,2251,560,764
1101,6,37,430803,388,1288,687,2836,763,906
1102,6,37,430900,722,2482,1270,4894,1131,3219
1103,6,37,431001,552,1858,1031,3937,891,3288
1104,6,37,431002,189,660,398,1389,336,1143
1105,6,37,431100,540,1761,1020,3790,1034,8036
1106,6,37,431200,487,1716,957,3497,814,1029
1107,6,37,431300,180,590,340,1299,346,325
1108,6,37,431400,287,1043,553,2079,532,314
1109,6,37,431500,641,2085,1197,4473,1033,2414
1110,6,37,431600,278,982,518,2053,525,983
1111,6,37,431700,467,1638,968,3588,842,1629
1112,6,37,431800,405,1319,756,2682,649,1572
1113,6,37,431900,240,865,494,1824,459,1360
1114,6,37,432000,529,1850,1093,3826,941,1731
1115,6,37,432101,288,991,566,2109,561,316
1116,6,37,432102,382,1326,759,2797,674,612
1117,6,37,432201,357,1020,610,2195,503,882
1118,6,37,432202,305,1027,583,2252,524,1565
1119,6,37,432300,285,955,551,2117,494,6008
1120,6,37,432401,282,953,556,2014,513,933
1121,6,37,432402,485,1660,921,3534,852,1078
1122,6,37,432500,552,1893,1042,3905,947,2084
1123,6,37,432601,522,1714,978,3624,870,720
1124,6,37,432602,353,1242,688,2489,568,392
1125,6,37,432700,407,1359,822,2959,789,3981
1126,6,37,432801,169,610,338,1295,314,1361
1127,6,37,432802,549,1818,1013,3863,947,538
1128,6,37,432901,344,1112,646,2419,574,1842
1129,6,37,432902,264,790,478,1797,415,1511
1130,6,37,433100,545,2069,1141,4369,1046,7393
1131,6,37,433200,529,1612,963,3570,930,4030
1132,6,37,433301,806,2657,1671,5965,1458,2246
1133,6,37,433302,138,374,200,807,202,1462
1134,6,37,433303,590,2053,1139,4305,1057,788
1135,6,37,433401,279,1023,578,2102,491,373
1136,6,37,433402,363,1408,755,2924,722,940
1137,6,37,433403,387,1508,804,3018,771,830
1138,6,37,433501,173,593,358,1211,333,4686
1139,6,37,433502,696,2288,1370,4882,1235,5237
1140,6,37,433601,360,1275,711,2612,659,895
1141,6,37,433602,247,727,465,1549,398,4331
1142,6,37,433700,260,818,511,1847,452,4478
1143,6,37,433801,504,1684,1036,3677,897,4302
1144,6,37,433802,209,668,400,1465,355,1715
1145,6,37,433901,466,1639,971,3430,939,1077
1146,6,37,433902,325,1080,624,2175,482,629
1147,6,37,434001,384,1189,737,2603,595,1248
1148,6,37,434002,657,2024,1244,4506,1005,732
1149,6,37,460000,318,1105,629,2231,536,3493
1150,6,37,460100,361,1291,737,2668,665,758
1151,6,37,460200,354,1285,697,2739,646,814
1152,6,37,460301,323,1037,638,2336,576,264
1153,6,37,460302,330,1055,615,2231,551,428
1154,6,37,460400,63,227,107,426,117,148
1155,6,37,460501,422,1333,804,2819,666,2770
1156,6,37,460502,331,1010,634,2268,529,1894
1157,6,37,460600,318,991,574,2132,523,880
1158,6,37,460700,382,1180,679,2610,636,2675
1159,6,37,460800,210,700,416,1483,340,1101
1160,6,37,460900,537,1907,1088,3897,939,1324
1161,6,37,461000,452,1484,894,3175,801,1395
1162,6,37,461100,388,1172,666,2579,619,1123
1163,6,37,461200,281,930,603,1997,537,715
1164,6,37,461300,405,1500,857,3163,757,834
1165,6,37,461400,220,770,433,1653,387,1008
1166,6,37,461500,858,2934,1733,6077,1466,2483
1167,6,37,461600,448,1563,870,3446,786,1584
1168,6,37,461700,100,326,178,687,188,1484
1169,6,37,461900,583,1925,1102,4151,1050,18199
1170,6,37,462000,777,2506,1439,5662,1430,1061
1171,6,37,462100,429,1597,865,3445,831,1310
1172,6,37,462200,421,1352,832,3022,739,7197
1173,6,37,462300,611,2033,1148,4494,1097,4980
1174,6,37,462400,344,1102,632,2379,615,597
1175,6,37,462500,401,1451,846,3201,823,2207
1176,6,37,462600,160,566,316,1260,325,718
1177,6,37,462700,417,1453,835,3078,769,2056
1178,6,37,462800,218,768,460,1585,410,1459
1179,6,37,462900,291,921,551,1857,431,5191
1180,6,37,463000,118,446,229,864,214,3812
1181,6,37,463101,195,679,354,1326,302,880
1182,6,37,463102,269,903,519,2060,490,1162
1183,6,37,463200,258,863,459,1804,435,1394
1184,6,37,463300,175,532,291,1186,284,510
1185,6,37,463400,439,1512,871,3117,771,2861
1186,6,37,463500,417,1459,828,3030,764,11254
1187,6,37,463600,694,2143,1277,4680,1178,18960
1188,6,37,463700,103,372,221,819,210,5188
1189,6,37,463800,255,833,482,1895,469,968
1190,6,37,463900,223,744,421,1574,353,4780
1191,6,37,464000,380,1349,713,2852,756,3475
1192,6,37,464100,494,1690,952,3521,822,2968
1193,6,37,464200,456,1437,839,3090,702,2014
1194,6,37,480002,246,800,437,1708,421,500
1195,6,37,480011,385,1361,811,2865,702,772
1196,6,37,480012,346,1357,699,2702,668,249
1197,6,37,480101,256,944,527,2023,572,750
1198,6,37,480102,315,1046,564,2216,594,548
1199,6,37,480201,258,876,557,1848,469,1088
1200,6,37,480202,201,615,365,1277,343,914
1201,6,37,480301,605,2014,1246,4449,1185,1407
1202,6,37,480302,329,1024,670,2189,540,1479
1203,6,37,480400,429,1286,768,2885,651,1511
1204,6,37,480500,393,1322,705,2699,727,2644
1205,6,37,480600,528,1649,1052,3693,944,2538
1206,6,37,480702,324,1009,611,2282,567,844
1207,6,37,480703,227,706,391,1666,416,1243
1208,6,37,480704,335,1113,622,2243,612,1449
1209,6,37,480802,252,830,459,1746,456,8908
1210,6,37,480803,265,888,517,1865,405,1874
1211,6,37,480804,373,1306,795,2811,654,934
1212,6,37,480901,354,1373,738,2749,688,2279
1213,6,37,480902,338,1133,603,2334,573,619
1214,6,37,480903,247,774,476,1705,432,569
1215,6,37,481001,294,962,637,2051,459,2752
1216,6,37,481002,427,1407,800,3060,749,2413
1217,6,37,481101,293,1029,632,2206,571,3020
1218,6,37,481102,309,1005,584,2094,500,1887
1219,6,37,481103,393,1314,783,2823,709,1504
1220,6,37,481201,225,826,443,1791,473,1550
1221,6,37,481202,518,1825,1017,3824,970,1658
1222,6,37,481300,210,776,446,1642,392,676
1223,6,37,481401,419,1601,933,3458,816,1890
1224,6,37,481402,558,1862,1006,3861,923,2992
1225,6,37,481500,299,1093,576,2170,526,1700
1226,6,37,481602,637,2169,1247,4585,1098,1449
1227,6,37,481603,304,963,597,2151,567,661
1228,6,37,481604,277,1061,557,2245,522,850
1229,6,37,481711,355,1235,703,2420,631,1418
1230,6,37,481712,437,1360,801,3032,779,536
1231,6,37,481713,192,687,418,1477,345,1391
1232,6,37,481714,209,681,358,1382,310,1695
1233,6,37,481800,216,590,399,1303,358,158
1234,6,37,481901,450,1644,859,3232,877,774
1235,6,37,481902,230,818,489,1779,416,357
1236,6,37,482001,194,714,366,1456,355,10908
1237,6,37,482002,576,1651,1013,3681,939,2277
1238,6,37,482101,349,1175,682,2486,666,1655
1239,6,37,482102,217,712,432,1496,376,968
1240,6,37,482201,286,1054,593,2156,485,1796
1241,6,37,482202,436,1389,805,2880,679,454
1242,6,37,482301,420,1375,808,2885,739,354
1243,6,37,482303,431,1543,922,3226,825,489
1244,6,37,482304,330,1040,596,2265,525,720
1245,6,37,482401,313,1029,577,2149,550,671
1246,6,37,482402,534,1851,1089,3776,912,1756
1247,6,37,482502,270,954,449,1981,497,551
1248,6,37,482503,359,1201,619,2513,564,1203
1249,6,37,482521,442,1483,880,3254,774,580
1250,6,37,482522,355,1156,624,2300,615,815
1251,6,37,482600,536,1706,938,3533,885,440
1252,6,37,482701,290,1018,620,2160,542,1639
1253,6,37,482702,174,574,368,1186,372,152
1254,6,37,482800,287,1048,578,2209,592,3904
1255,6,37,500100,234,760,461,1589,385,286
1256,6,37,500201,388,1357,761,2774,735,1434
1257,6,37,500202,251,948,512,2109,471,3072
1258,6,37,500300,195,792,389,1531,360,5532
1259,6,37,500401,710,2279,1287,4759,1106,1393
1260,6,37,500402,430,1324,799,2890,720,1711
1261,6,37,500500,218,686,390,1458,365,245
1262,6,37,500600,432,1521,888,3289,855,609
1263,6,37,500700,463,1598,937,3404,808,2921
1264,6,37,500800,408,1374,753,2936,676,1539
1265,6,37,500900,458,1333,856,2931,734,1180
1266,6,37,501000,571,2086,1151,4465,1208,766
1267,6,37,501200,331,1164,725,2484,618,718
1268,6,37,501300,455,1586,990,3582,873,1129
1269,6,37,501400,288,1191,646,2430,540,2569
1270,6,37,501501,151,503,273,1013,240,334
1271,6,37,501503,367,1190,692,2603,619,218
1272,6,37,501504,280,880,533,1807,462,3034
1273,6,37,501600,458,1654,859,3347,836,1235
1274,6,37,501700,214,774,422,1569,405,872
1275,6,37,501801,582,2021,1159,4214,1002,3166
1276,6,37,501802,243,719,465,1629,451,671
1277,6,37,501900,274,975,541,2025,519,1916
1278,6,37,502001,277,1007,565,2080,525,513
1279,6,37,502002,579,1911,1051,4113,1028,2433
1280,6,37,502100,405,1544,858,3222,771,4472
1281,6,37,502200,523,1657,1041,3767,961,763
1282,6,37,502301,422,1505,838,3078,792,518
1283,6,37,502302,259,834,475,1737,457,698
1284,6,37,502401,325,1160,591,2384,578,305
1285,6,37,502402,292,1021,586,2122,541,405
1286,6,37,502500,312,1069,609,2216,540,5256
1287,6,37,502601,511,1665,1020,3622,912,1017
1288,6,37,502602,313,1101,621,2421,550,1276
1289,6,37,502700,485,1726,983,3679,872,16590
1290,6,37,502800,585,1981,1167,4253,1124,13162
1291,6,37,502901,414,1364,834,2966,680,417
1292,6,37,502902,315,1023,639,2180,558,5956
1293,6,37,503000,561,1788,1006,3663,921,577
1294,6,37,503101,597,1961,1122,4105,1045,715
1295,6,37,503102,594,2054,1231,4354,1051,452
1296,6,37,503201,315,944,540,2008,494,682
1297,6,37,503202,299,1063,614,2231,541,513
1298,6,37,503301,230,776,424,1582,405,570
1299,6,37,503302,454,1659,894,3424,854,555
1300,6,37,503401,389,1410,727,2833,725,1219
1301,6,37,503402,263,910,519,1835,448,1679
1302,6,37,503501,533,1564,989,3413,853,648
1303,6,37,503502,283,913,534,1999,458,284
1304,6,37,503601,288,1072,585,2138,496,1101
1305,6,37,503602,250,902,477,1843,423,1098
1306,6,37,503701,307,1138,661,2323,614,290
1307,6,37,503702,367,1203,687,2463,592,391
1308,6,37,503703,568,1751,1046,3756,909,591
1309,6,37,503801,284,1004,578,2139,580,791
1310,6,37,503802,350,1250,724,2604,614,1271
1311,6,37,503901,213,633,407,1275,307,233
1312,6,37,503902,337,1123,608,2239,570,9112
1313,6,37,504001,321,1099,655,2398,565,2061
1314,6,37,504002,358,1295,733,2617,569,515
1315,6,37,504101,461,1409,785,2971,765,1245
1316,6,37,504102,0,0,0,0,0,13222
1317,6,37,530003,183,627,401,1360,349,1163
1318,6,37,530004,247,895,507,1806,499,763
1319,6,37,530005,263,979,547,2156,561,1602
1320,6,37,530006,313,958,594,2045,534,1274
1321,6,37,530101,424,1326,762,2846,785,2283
1322,6,37,530102,361,1206,701,2498,611,1808
1323,6,37,530202,296,1000,552,2173,489,1754
1324,6,37,530203,229,883,436,1910,481,1146
1325,6,37,530204,279,932,529,1871,508,661
1326,6,37,530301,186,597,363,1275,292,1379
1327,6,37,530302,532,1670,1007,3578,908,688
1328,6,37,530400,285,1058,592,2190,529,2196
1329,6,37,530500,373,1301,696,2732,634,1497
1330,6,37,530601,283,934,596,1909,514,523
1331,6,37,530602,136,422,200,864,273,1434
1332,6,37,530700,173,633,348,1179,272,2349
1333,6,37,530801,493,1844,1003,3714,904,334
1334,6,37,530802,276,1001,541,2117,497,339
1335,6,37,530901,341,1191,614,2364,574,149
1336,6,37,530902,342,1056,652,2327,605,401
1337,6,37,531000,446,1616,875,3314,816,1148
1338,6,37,531101,425,1485,902,3175,793,1504
1339,6,37,531102,259,837,470,1734,396,1051
1340,6,37,531201,498,1586,908,3372,816,651
1341,6,37,531202,416,1403,801,3068,710,755
1342,6,37,531301,468,1636,926,3260,838,982
1343,6,37,531302,552,1956,1037,4000,990,1743
1344,6,37,531501,623,2132,1239,4464,1139,647
1345,6,37,531502,295,977,582,1982,471,684
1346,6,37,531602,364,1251,742,2611,628,725
1347,6,37,531603,285,1017,559,2069,476,270
1348,6,37,531604,314,1011,583,2224,564,656
1349,6,37,531701,460,1537,891,3251,844,1282
1350,6,37,531702,407,1323,760,2782,715,1145
1351,6,37,531800,440,1440,874,3107,733,671
1352,6,37,531901,483,1777,1043,3643,926,544
1353,6,37,531902,294,1057,613,2284,578,501
1354,6,37,532001,246,791,433,1804,405,3148
1355,6,37,532002,246,762,488,1765,395,1300
1356,6,37,532101,547,1757,986,3658,937,2963
1357,6,37,532102,269,849,517,1864,492,333
1358,6,37,532200,528,1808,1047,3816,1041,8212
1359,6,37,532302,349,1203,673,2465,603,7391
1360,6,37,532303,337,1102,638,2369,577,28568
1361,6,37,532304,324,1038,602,2246,520,18286
1362,6,37,532400,0,0,0,0,0,38406
1363,6,37,532500,311,1148,674,2463,613,3927
1364,6,37,532603,271,966,528,2053,451,1386
1365,6,37,532604,269,863,503,1761,450,409
1366,6,37,532605,281,1018,562,2139,513,2443
1367,6,37,532606,360,1214,648,2372,587,358
1368,6,37,532700,249,847,493,1769,414,1745
1369,6,37,532800,416,1339,788,2876,757,701
1370,6,37,532900,564,1868,1092,4014,1110,1028
1371,6,37,533000,645,2040,1244,4517,1117,1693
1372,6,37,533103,326,1163,665,2340,606,1343
1373,6,37,533104,339,1200,673,2407,604,2076
1374,6,37,533105,236,786,468,1685,421,71
1375,6,37,533106,143,464,306,1040,235,950
1376,6,37,533107,295,1006,582,2139,532,454
1377,6,37,533201,246,814,445,1636,396,686
1378,6,37,533202,226,727,431,1562,414,220
1379,6,37,533203,173,640,372,1310,358,306
1380,6,37,533300,300,1093,623,2212,593,553
1381,6,37,533401,370,1361,711,2871,666,227
1382,6,37,533402,333,1093,622,2384,594,744
1383,6,37,533403,241,890,497,1890,510,1095
1384,6,37,533501,280,909,543,1956,444,643
1385,6,37,533502,183,602,399,1363,329,101
1386,6,37,533503,180,558,339,1239,310,71
1387,6,37,533601,366,1262,690,2597,645,1509
1388,6,37,533602,493,1681,942,3595,895,1230
1389,6,37,533603,496,1743,979,3712,981,1549
1390,6,37,533701,266,994,592,2169,560,781
1391,6,37,533702,302,1006,548,2229,524,208
1392,6,37,533703,333,1162,647,2379,622,498
1393,6,37,533801,622,2155,1202,4425,1094,639
1394,6,37,533803,497,1720,1026,3637,852,1169
1395,6,37,533804,361,1190,682,2612,662,360
1396,6,37,533901,499,1736,983,3753,960,660
1397,6,37,533902,314,1053,614,2313,600,1045
1398,6,37,534001,456,1421,893,3087,831,1105
1399,6,37,534002,321,1055,593,2240,549,1455
1400,6,37,534101,168,645,378,1366,282,1824
1401,6,37,534102,570,1801,1080,3898,963,858
1402,6,37,534201,360,1251,717,2568,630,602
1403,6,37,534202,471,1698,1054,3661,900,374
1404,6,37,534203,265,842,493,1902,515,791
1405,6,37,534301,397,1278,719,2615,673,2128
1406,6,37,534302,323,1112,561,2349,602,373
1407,6,37,534403,233,784,437,1560,412,266
1408,6,37,534404,303,930,634,2096,512,575
1409,6,37,534405,389,1180,742,2508,672,660
1410,6,37,534406,353,1244,708,2540,545,46
1411,6,37,534501,392,1357,817,2874,698,949
1412,6,37,534502,321,1122,604,2292,569,333
1413,6,37,534700,369,1211,672,2477,528,68
1414,6,37,534802,219,857,450,1733,452,424
1415,6,37,534803,464,1422,849,3126,718,788
1416,6,37,534804,353,1171,728,2531,586,160
1417,6,37,534900,567,1901,1092,4061,985,766
1418,6,37,535000,681,2326,1353,4867,1215,1235
1419,6,37,535101,548,1853,1128,4154,960,1263
1420,6,37,535102,344,1048,634,2324,552,401
1421,6,37,535200,477,1585,859,3298,839,112
1422,6,37,535300,512,1773,998,3745,887,908
1423,6,37,535400,295,958,519,1882,441,511
1424,6,37,535501,292,1057,581,2308,600,948
1425,6,37,535502,406,1338,747,2831,728,390
1426,6,37,535503,187,699,378,1435,370,384
1427,6,37,535603,314,1116,629,2299,582,980
1428,6,37,535604,370,1125,708,2538,629,428
1429,6,37,535605,354,1181,727,2525,620,522
1430,6,37,535606,152,575,303,1206,290,58
1431,6,37,535607,384,1279,750,2654,671,1342
1432,6,37,535701,459,1665,868,3357,834,330
1433,6,37,535702,405,1467,859,3106,812,1526
1434,6,37,535802,528,1820,983,3806,886,461
1435,6,37,535803,326,1228,674,2656,643,535
1436,6,37,535804,423,1543,893,3203,809,376
1437,6,37,535901,425,1468,820,3065,840,1074
1438,6,37,535902,479,1536,923,3308,840,717
1439,6,37,536000,298,1048,527,2183,526,2794
1440,6,37,536101,783,2638,1484,5443,1376,4284
1441,6,37,536102,217,732,392,1473,344,3168
1442,6,37,536200,542,1801,1064,3929,934,3143
1443,6,37,540000,526,1801,1048,3954,960,1193
1444,6,37,540101,484,1549,915,3466,845,988
1445,6,37,540102,507,1721,1007,3621,838,746
1446,6,37,540201,182,636,366,1352,332,506
1447,6,37,540202,534,1864,1036,4129,967,1396
1448,6,37,540203,428,1412,869,3048,807,3286
1449,6,37,540300,419,1560,829,3186,682,2711
1450,6,37,540400,177,673,409,1432,349,467
1451,6,37,540501,473,1533,884,3323,803,2548
1452,6,37,540502,559,1857,1026,3963,966,286
1453,6,37,540600,272,1005,541,2070,500,703
1454,6,37,540700,250,859,467,1882,461,3934
1455,6,37,540800,405,1302,789,2785,689,823
1456,6,37,540901,362,1281,695,2660,667,286
1457,6,37,540902,313,1072,615,2299,529,3319
1458,6,37,541001,85,293,143,619,172,7604
1459,6,37,541002,234,813,440,1709,416,8415
1460,6,37,541100,248,787,506,1744,447,1790
1461,6,37,541200,343,1213,784,2584,606,2347
1462,6,37,541300,448,1377,827,2985,761,729
1463,6,37,541400,572,1841,1106,4040,997,395
1464,6,37,541500,446,1444,836,3155,832,495
1465,6,37,541603,226,747,459,1555,406,3204
1466,6,37,541604,473,1643,992,3589,915,935
1467,6,37,541605,406,1416,854,2981,669,945
1468,6,37,541606,206,678,405,1505,336,429
1469,6,37,541700,501,1567,961,3402,886,634
1470,6,37,541801,361,1259,707,2624,622,291
1471,6,37,541802,395,1371,779,2860,733,167
1472,6,37,542000,430,1375,848,3073,792,896
1473,6,37,542101,601,2033,1078,4316,1086,368
1474,6,37,542102,643,2226,1190,4531,1109,361
1475,6,37,542200,518,1764,1047,3866,975,713
1476,6,37,542401,371,1253,769,2543,647,1593
1477,6,37,542402,205,781,425,1700,393,2707
1478,6,37,542501,304,1010,608,2137,577,115
1479,6,37,542502,326,1133,609,2359,623,3773
1480,6,37,542601,200,835,409,1714,466,666
1481,6,37,542602,383,1280,788,2841,711,901
1482,6,37,542700,427,1318,797,2955,724,797
1483,6,37,542800,212,715,378,1469,385,314
1484,6,37,542900,250,835,496,1734,383,145
1485,6,37,543000,296,1033,572,2208,513,335
1486,6,37,543100,480,1554,896,3383,821,4764
1487,6,37,543201,217,799,480,1789,444,321
1488,6,37,543202,382,1261,684,2723,720,8800
1489,6,37,543303,547,1742,1064,3720,928,12178
1490,6,37,543304,425,1407,828,2927,762,444
1491,6,37,543305,190,576,333,1206,319,26347
1492,6,37,543321,376,1142,692,2480,644,3632
1493,6,37,543322,443,1510,904,3267,848,573
1494,6,37,543400,360,1094,649,2431,583,4286
1495,6,37,543501,497,1709,978,3594,867,3635
1496,6,37,543502,352,1145,643,2357,525,738
1497,6,37,543503,419,1415,797,3085,696,4593
1498,6,37,543601,317,996,630,2251,513,187
1499,6,37,543602,537,1699,1074,3918,945,1464
1500,6,37,543603,291,939,562,1967,416,764
1501,6,37,543604,380,1350,814,2887,727,1013
1502,6,37,543701,233,844,486,1722,387,460
1503,6,37,543702,507,1664,942,3640,819,852
1504,6,37,543703,282,937,564,2001,467,606
1505,6,37,543801,394,1324,774,2831,723,600
1506,6,37,543802,536,1762,1069,3755,938,1255
1507,6,37,543903,286,1020,594,2027,477,2648
1508,6,37,543904,334,1215,706,2638,668,7961
1509,6,37,544000,580,2025,1190,4156,1078,7597
1510,6,37,550000,36,118,88,254,64,445
1511,6,37,550100,508,1821,1027,3900,985,1336
1512,6,37,550200,625,2074,1216,4357,1029,973
1513,6,37,550300,545,1871,1038,4012,934,1891
1514,6,37,550400,113,312,193,765,189,271
1515,6,37,550500,536,1710,1113,3693,943,1243
1516,6,37,550600,638,2212,1238,4597,1176,2266
1517,6,37,550700,480,1548,941,3288,771,732
1518,6,37,550800,509,1666,935,3488,822,2488
1519,6,37,550900,681,2272,1320,4791,1124,5803
1520,6,37,551000,469,1546,897,3449,798,3063
1521,6,37,551100,745,2619,1435,5580,1332,7185
1522,6,37,551201,227,810,493,1768,414,499
1523,6,37,551202,526,1773,1074,4014,970,880
1524,6,37,551300,391,1389,780,2826,689,5668
1525,6,37,551400,619,2115,1237,4455,1114,1784
1526,6,37,551500,624,2353,1232,4755,1070,1874
1527,6,37,551600,0,0,0,0,0,3139
1528,6,37,551700,448,1710,894,3546,822,538
1529,6,37,551800,559,1746,1060,3696,925,3953
1530,6,37,551900,360,1323,678,2729,594,579
1531,6,37,552000,587,2070,1179,4264,1056,1689
1532,6,37,552100,438,1351,774,2763,665,2072
1533,6,37,552200,560,1831,1058,3937,1028,4324
1534,6,37,552300,564,2237,1145,4531,1036,5122
1535,6,37,552400,211,677,413,1484,360,1666
1536,6,37,552601,460,1599,856,3288,816,332
1537,6,37,552602,347,1078,662,2373,624,1492
1538,6,37,552700,453,1758,1003,3695,889,584
1539,6,37,552800,507,1570,994,3422,856,637
1540,6,37,552900,520,1724,990,3728,878,562
1541,6,37,553000,367,1122,623,2496,589,674
1542,6,37,553100,470,1494,848,3046,716,1508
1543,6,37,553200,483,1616,920,3447,849,653
1544,6,37,553300,218,755,420,1538,399,1182
1545,6,37,553400,293,1000,569,2204,507,150
1546,6,37,553501,597,2222,1224,4624,1104,755
1547,6,37,553502,347,1129,643,2459,578,1987
1548,6,37,553601,360,1295,778,2680,614,4527
1549,6,37,553602,364,1163,686,2401,593,295
1550,6,37,553701,338,1070,604,2350,568,1374
1551,6,37,553702,430,1349,836,2909,713,340
1552,6,37,553801,330,1164,603,2309,547,4351
1553,6,37,553802,435,1588,892,3239,807,3696
1554,6,37,553901,511,1830,1018,3895,899,1929
1555,6,37,553902,458,1592,802,3253,776,1306
1556,6,37,554001,286,948,569,1994,497,2252
1557,6,37,554002,358,1296,781,2716,658,968
1558,6,37,554101,350,1054,637,2223,600,469
1559,6,37,554102,687,2230,1265,4612,1103,602
1560,6,37,554201,294,930,527,1990,470,1316
1561,6,37,554202,566,1866,1158,4173,1029,2194
1562,6,37,554300,559,1883,1115,3952,914,986
1563,6,37,554401,497,1790,1045,3763,927,2423
1564,6,37,554403,397,1334,761,2901,741,902
1565,6,37,554404,285,863,513,1848,437,1044
1566,6,37,554511,298,1125,626,2320,581,7033
1567,6,37,554512,445,1512,883,3254,860,10753
1568,6,37,554513,209,638,402,1373,375,133
1569,6,37,554514,365,1155,666,2476,595,2416
1570,6,37,554515,259,929,536,1958,503,947
1571,6,37,554516,313,1158,599,2446,604,457
1572,6,37,554517,365,1318,734,2793,655,921
1573,6,37,554518,419,1325,781,2844,677,1047
1574,6,37,554519,273,884,520,1890,466,586
1575,6,37,554521,418,1471,796,3118,797,8458
1576,6,37,554522,352,1273,752,2894,724,1070
1577,6,37,554600,279,1012,542,1966,478,362
1578,6,37,554700,373,1248,753,2837,689,667
1579,6,37,554801,316,1012,583,2179,539,1544
1580,6,37,554802,447,1490,874,3284,783,2159
1581,6,37,554900,545,1759,1013,3634,825,2309
1582,6,37,555001,457,1475,874,3184,826,451
1583,6,37,555002,245,843,487,1878,486,288
1584,6,37,555102,495,1744,1024,3681,1006,1373
1585,6,37,555103,357,1264,665,2761,681,554
1586,6,37,555104,306,1078,619,2274,541,612
1587,6,37,555202,227,735,436,1587,398,261
1588,6,37,555211,527,1763,951,3764,905,766
1589,6,37,555212,344,1170,643,2465,661,311
1590,6,37,570001,324,977,647,2181,522,1163
1591,6,37,570002,198,643,360,1265,260,262
1592,6,37,570003,300,958,582,2129,511,364
1593,6,37,570100,176,683,386,1368,273,2861
1594,6,37,570202,429,1671,952,3433,924,642
1595,6,37,570203,327,1058,607,2331,556,2259
1596,6,37,570204,297,1026,561,2226,505,339
1597,6,37,570301,558,1879,1095,3735,951,297
1598,6,37,570303,305,1023,570,2132,548,115
1599,6,37,570304,405,1221,755,2669,702,244
1600,6,37,570401,708,2386,1387,4961,1249,513
1601,6,37,570402,246,818,464,1782,380,1049
1602,6,37,570501,596,1915,1101,3919,938,816
1603,6,37,570502,490,1579,945,3435,860,2009
1604,6,37,570601,377,1311,770,2755,709,540
1605,6,37,570602,501,1712,899,3510,866,615
1606,6,37,570603,350,1225,715,2602,607,906
1607,6,37,570701,442,1690,948,3512,831,2594
1608,6,37,570702,157,509,326,1126,289,241
1609,6,37,570800,368,1247,705,2722,671,4686
1610,6,37,570901,388,1286,750,2725,676,1010
1611,6,37,570902,231,833,476,1667,429,652
1612,6,37,571000,387,1276,760,2756,657,436
1613,6,37,571101,298,958,593,2135,541,627
1614,6,37,571102,244,847,474,1851,442,938
1615,6,37,571200,538,1904,962,3860,898,3148
1616,6,37,571300,297,981,574,2043,507,388
1617,6,37,571400,319,1076,647,2288,618,3286
1618,6,37,571501,586,1909,1095,3995,969,606
1619,6,37,571502,313,1132,574,2359,621,1640
1620,6,37,571600,148,480,295,1002,294,91
1621,6,37,571701,467,1552,952,3384,778,753
1622,6,37,571702,594,1928,1218,4151,1080,713
1623,6,37,571800,201,708,429,1427,327,1797
1624,6,37,571900,362,1183,681,2557,674,2094
1625,6,37,572001,352,1245,685,2548,620,1209
1626,6,37,572002,301,985,525,2102,507,2269
1627,6,37,572100,77,256,153,552,114,209
1628,6,37,572201,499,1609,902,3204,788,960
1629,6,37,572202,255,960,514,1926,440,6641
1630,6,37,572301,281,899,486,2034,543,260
1631,6,37,572302,252,907,502,1863,462,419
1632,6,37,572400,71,254,139,513,126,224
1633,6,37,572500,294,863,555,1799,446,126
1634,6,37,572600,395,1334,792,2769,634,470
1635,6,37,572700,455,1404,848,3067,691,869
1636,6,37,572800,0,0,0,0,0,906
1637,6,37,572900,427,1405,810,3016,686,522
1638,6,37,573001,590,1946,1110,4153,1023,535
1639,6,37,573002,326,1204,672,2505,546,515
1640,6,37,573100,539,1854,1119,3950,941,722
1641,6,37,573201,395,1337,734,2979,700,799
1642,6,37,573202,466,1573,832,3226,797,486
1643,6,37,573300,344,1154,666,2523,605,1139
1644,6,37,573401,105,366,203,813,220,1375
1645,6,37,573402,535,1763,1023,3702,918,6781
1646,6,37,573403,146,487,271,940,230,3066
1647,6,37,573500,0,0,0,0,0,22468
1648,6,37,573600,376,1442,770,2868,665,584
1649,6,37,573700,307,1068,587,2159,522,570
1650,6,37,573800,284,973,548,2032,569,572
1651,6,37,573902,133,460,299,1041,286,80
1652,6,37,574000,322,1211,638,2388,575,990
1653,6,37,574100,301,1047,615,2385,593,1221
1654,6,37,574201,209,701,367,1452,363,669
1655,6,37,574202,147,506,254,1050,251,2534
1656,6,37,574300,375,1282,704,2578,647,1448
1657,6,37,574400,383,1148,605,2450,526,1532
1658,6,37,574500,424,1453,850,3058,699,877
1659,6,37,574601,132,421,222,874,225,3583
1660,6,37,574602,75,238,162,479,105,410
1661,6,37,574700,0,0,0,0,0,2115
1662,6,37,574800,191,656,377,1280,314,969
1663,6,37,574901,223,844,453,1692,418,1753
1664,6,37,574902,345,1154,641,2525,583,1057
1665,6,37,575001,224,767,418,1603,385,231
1666,6,37,575002,326,1101,615,2273,540,2875
1667,6,37,575101,421,1429,749,3050,700,545
1668,6,37,575102,390,1349,715,2831,654,506
1669,6,37,575103,438,1394,814,3002,732,784
1670,6,37,575201,412,1311,804,2860,724,675
1671,6,37,575202,459,1557,819,3284,775,911
1672,6,37,575300,424,1343,814,2847,753,975
1673,6,37,575401,508,1533,995,3401,863,2888
1674,6,37,575402,312,1043,649,2274,591,572
1675,6,37,575500,0,0,0,0,0,3771
1676,6,37,575600,0,0,0,0,0,5195
1677,6,37,575801,239,713,437,1590,366,206
1678,6,37,575802,504,1580,984,3396,849,207
1679,6,37,575803,223,737,427,1565,367,376
1680,6,37,575901,302,979,581,2102,454,251
1681,6,37,575902,395,1212,726,2746,670,1204
1682,6,37,576000,0,0,0,0,0,17417
1683,6,37,576100,173,576,297,1240,311,6896
1684,6,37,576200,430,1495,878,3220,739,5768
1685,6,37,576300,694,2510,1521,5216,1270,3582
1686,6,37,576401,445,1402,819,3072,706,421
1687,6,37,576402,506,1551,929,3344,855,389
1688,6,37,576403,530,1651,1036,3515,820,393
1689,6,37,576501,263,936,509,1999,452,534
1690,6,37,576502,413,1308,729,2679,661,536
1691,6,37,576503,351,1192,737,2576,651,448
1692,6,37,576601,308,1074,565,2122,525,511
1693,6,37,576602,258,899,461,1881,463,446
1694,6,37,576700,222,892,488,1803,445,611
1695,6,37,576801,335,1166,682,2386,573,588
1696,6,37,576802,315,975,561,2090,512,553
1697,6,37,576901,515,1752,1009,3747,919,704
1698,6,37,576902,578,2001,1216,4382,1140,1062
1699,6,37,577000,524,1750,1053,3678,900,1612
1700,6,37,577100,471,1505,921,3327,782,1556
1701,6,37,577200,352,1290,763,2704,608,1409
1702,6,37,577300,374,1284,762,2695,703,1541
1703,6,37,577400,208,671,409,1512,413,1148
1704,6,37,577501,191,730,409,1522,387,1001
1705,6,37,577502,97,290,224,669,167,212
1706,6,37,577601,83,256,172,536,143,2781
1707,6,37,577602,208,683,408,1482,362,749
1708,6,37,577603,496,1878,952,3838,886,1225
1709,6,37,599000,255,794,458,1665,453,2483
1710,6,37,599100,50,195,74,346,72,177
1711,6,37,600100,490,1687,941,3478,864,155
1712,6,37,600201,337,1089,641,2436,612,472
1713,6,37,600202,509,1638,962,3545,867,359
1714,6,37,600301,558,1905,1206,4133,1060,345
1715,6,37,600302,234,758,435,1690,443,579
1716,6,37,600400,275,888,578,1930,480,284
1717,6,37,600501,166,568,329,1161,264,230
1718,6,37,600502,162,553,314,1126,244,705
1719,6,37,600601,163,572,309,1132,280,211
1720,6,37,600602,281,967,495,1918,403,634
1721,6,37,600702,184,676,365,1410,343,2278
1722,6,37,600703,93,395,177,784,149,118
1723,6,37,600704,206,668,364,1287,279,261
1724,6,37,600801,188,687,375,1398,345,393
1725,6,37,600802,207,576,356,1288,330,517
1726,6,37,600902,476,1714,950,3667,928,1230
1727,6,37,600911,265,939,518,1888,471,398
1728,6,37,600912,413,1444,830,3252,807,590
1729,6,37,601001,154,486,263,1007,239,4372
1730,6,37,601002,406,1418,818,2940,720,822
1731,6,37,601100,494,1795,1033,3762,918,2058
1732,6,37,601202,370,1152,627,2401,599,512
1733,6,37,601211,232,727,424,1549,400,2633
1734,6,37,601212,516,1693,1053,3602,942,469
1735,6,37,601301,112,443,255,932,256,557
1736,6,37,601302,474,1727,957,3584,880,2545
1737,6,37,601303,371,1343,671,2666,611,620
1738,6,37,601401,398,1280,750,2722,666,6587
1739,6,37,601402,392,1431,796,3083,766,2474
1740,6,37,601501,352,1252,735,2732,635,866
1741,6,37,601502,360,1175,662,2404,636,485
1742,6,37,601600,407,1343,793,2988,709,834
1743,6,37,601700,468,1645,959,3595,945,618
1744,6,37,601801,321,1068,656,2254,555,426
1745,6,37,601802,395,1369,790,3084,720,765
1746,6,37,601900,551,1814,1012,3949,931,744
1747,6,37,602002,235,757,496,1702,414,59
1748,6,37,602003,430,1372,853,2922,711,245
1749,6,37,602004,313,1040,555,2213,548,435
1750,6,37,602103,572,1833,1062,4020,988,1394
1751,6,37,602104,435,1512,880,3075,771,441
1752,6,37,602105,325,1119,626,2334,598,450
1753,6,37,602106,420,1341,845,2957,721,1302
1754,6,37,602200,485,1757,916,3523,860,1562
1755,6,37,602301,489,1639,943,3379,850,2440
1756,6,37,602302,171,685,389,1395,328,1829
1757,6,37,602402,491,1624,915,3475,801,1262
1758,6,37,602403,384,1319,719,2665,617,975
1759,6,37,602404,435,1532,774,3252,756,1115
1760,6,37,602501,774,2781,1666,6200,1467,6565
1761,6,37,602502,698,2407,1311,5091,1265,580
1762,6,37,602503,689,2046,1292,4560,1147,724
1763,6,37,602600,531,1803,1017,3752,958,3418
1764,6,37,602700,221,752,408,1483,383,1551
1765,6,37,602800,584,2146,1222,4557,1173,1685
1766,6,37,602900,337,1164,623,2509,572,13867
1767,6,37,603001,542,1734,1023,3670,951,2295
1768,6,37,603003,631,2182,1213,4472,1105,2419
1769,6,37,603004,114,407,238,922,207,1069
1770,6,37,603101,382,1085,697,2270,584,1966
1771,6,37,603102,317,1006,597,2064,487,612
1772,6,37,603200,166,548,334,1247,325,2203
1773,6,37,603301,362,950,613,2184,558,1695
1774,6,37,603302,256,965,593,1997,465,1773
1775,6,37,603400,293,1083,636,2385,611,1365
1776,6,37,603500,222,730,420,1610,372,669
1777,6,37,603600,278,948,469,1961,501,830
1778,6,37,603702,374,1265,729,2612,655,1811
1779,6,37,603703,172,639,344,1305,276,161
1780,6,37,603704,481,1697,952,3505,852,577
1781,6,37,603800,658,2227,1209,4574,1097,1609
1782,6,37,603900,526,1750,1108,3712,915,2863
1783,6,37,604000,684,2395,1418,5011,1256,689
1784,6,37,604100,478,1669,999,3636,917,675
1785,6,37,609900,123,448,245,924,239,1989
1786,6,37,620001,250,889,489,1938,451,2851
1787,6,37,620002,279,843,462,1704,379,3954
1788,6,37,620003,0,0,0,0,0,43431
1789,6,37,620101,383,1343,698,2712,625,1348
1790,6,37,620102,263,930,503,1851,393,2869
1791,6,37,620201,95,358,217,821,216,346
1792,6,37,620301,322,1123,621,2249,521,801
1793,6,37,620302,440,1402,804,3123,830,1618
1794,6,37,620303,314,1063,646,2224,523,1206
1795,6,37,620400,341,1176,717,2511,603,6321
1796,6,37,620501,360,1263,790,2662,693,12104
1797,6,37,620521,307,961,603,2158,555,533
1798,6,37,620522,278,1053,557,2322,536,389
1799,6,37,620601,365,1347,741,2590,620,3899
1800,6,37,620602,370,1232,717,2633,623,1272
1801,6,37,620701,489,1553,864,3403,860,1250
1802,6,37,620702,522,1613,893,3473,779,596
1803,6,37,620800,496,1801,1007,3638,868,3393
1804,6,37,620901,165,596,338,1275,328,2142
1805,6,37,620902,204,680,406,1516,343,1486
1806,6,37,621001,303,991,544,1932,455,2061
1807,6,37,621002,384,1362,764,2818,644,1305
1808,6,37,621101,419,1424,826,3115,724,2073
1809,6,37,621102,212,709,373,1420,310,826
1810,6,37,621201,443,1463,844,3184,779,1391
1811,6,37,621202,225,782,448,1678,399,3104
1812,6,37,621301,439,1534,837,3253,731,1393
1813,6,37,621321,253,813,481,1793,442,1302
1814,6,37,621322,202,720,435,1528,364,1907
1815,6,37,621400,296,991,552,2082,495,1076
1816,6,37,650001,462,1444,837,3093,755,1177
1817,6,37,650002,587,1905,1107,3924,1038,551
1818,6,37,650101,411,1379,709,2868,713,1786
1819,6,37,650102,163,559,363,1141,292,502
1820,6,37,650200,461,1443,798,3007,757,4899
1821,6,37,650300,499,1584,970,3469,876,1686
1822,6,37,650400,283,969,562,1973,499,13530
1823,6,37,650501,213,753,455,1570,440,565
1824,6,37,650502,272,970,548,2040,542,320
1825,6,37,650601,654,2013,1170,4394,1133,1818
1826,6,37,650602,517,1784,1137,3869,937,5938
1827,6,37,650603,262,977,553,2053,504,522
1828,6,37,650701,140,513,270,1026,307,9503
1829,6,37,650702,275,1119,645,2213,578,617
1830,6,37,650800,428,1580,902,3369,878,1898
1831,6,37,650901,396,1462,787,2957,710,21338
1832,6,37,650902,475,1626,881,3324,779,4411
1833,6,37,651001,379,1254,673,2596,664,554
1834,6,37,651002,325,1131,617,2411,554,1149
1835,6,37,651101,389,1144,711,2559,694,24755
1836,6,37,651102,251,796,459,1643,367,1595
1837,6,37,651201,352,1213,706,2444,642,485
1838,6,37,651221,219,725,425,1576,373,1200
1839,6,37,651222,426,1540,877,3089,738,1784
1840,6,37,651301,306,1183,656,2461,613,1237
1841,6,37,651302,420,1381,817,2960,680,990
1842,6,37,651400,577,2123,1203,4457,1059,2232
1843,6,37,670001,210,772,462,1591,387,1053
1844,6,37,670002,239,894,523,2043,473,895
1845,6,37,670003,456,1465,864,3033,765,1341
1846,6,37,670100,453,1575,907,3344,870,1459
1847,6,37,670201,240,903,530,2032,467,881
1848,6,37,670202,192,632,384,1332,335,264
1849,6,37,670301,350,1187,687,2463,655,2195
1850,6,37,670321,267,929,505,1831,453,398
1851,6,37,670322,361,1149,685,2333,556,774
1852,6,37,670403,180,551,323,1241,295,2125
1853,6,37,670405,169,578,333,1190,317,551
1854,6,37,670406,117,392,233,861,181,126
1855,6,37,670407,424,1405,829,3195,791,354
1856,6,37,670411,322,1012,602,2253,561,830
1857,6,37,670413,388,1195,716,2524,567,333
1858,6,37,670414,286,971,580,2110,486,418
1859,6,37,670500,112,450,246,953,227,541
1860,6,37,670600,541,1695,1025,3641,880,1524
1861,6,37,670701,454,1563,849,3290,873,1425
1862,6,37,670702,334,1238,732,2498,649,719
1863,6,37,700100,751,2464,1620,5464,1245,3027
1864,6,37,700200,460,1605,874,3318,842,1613
1865,6,37,700300,412,1359,770,2882,721,2632
1866,6,37,700400,368,1275,715,2788,724,11980
1867,6,37,700500,606,1883,1110,4123,1109,8487
1868,6,37,700600,398,1354,806,2829,700,2254
1869,6,37,700700,240,838,475,1791,455,3615
1870,6,37,700800,679,2260,1262,4673,1147,27108
1871,6,37,700901,271,1024,546,2158,506,5513
1872,6,37,700902,489,1664,973,3528,817,5006
1873,6,37,701000,376,1274,735,2767,729,8450
1874,6,37,701100,44,152,92,314,83,6538
1875,6,37,701201,276,984,606,2222,540,1262
1876,6,37,701202,234,788,380,1602,391,531
1877,6,37,701301,452,1354,866,2991,771,2488
1878,6,37,701302,305,1133,590,2341,588,884
1879,6,37,701400,445,1461,900,3223,806,3487
1880,6,37,701501,314,1096,681,2466,620,1480
1881,6,37,701502,291,844,546,1917,490,3937
1882,6,37,701601,297,932,533,2053,517,1968
1883,6,37,701602,243,819,498,1839,442,5783
1884,6,37,701701,252,847,475,1745,392,6343
1885,6,37,701702,225,711,421,1633,391,4565
1886,6,37,701801,456,1583,897,3439,838,12546
1887,6,37,701802,363,1218,703,2674,627,3956
1888,6,37,701900,181,624,364,1317,379,23021
1889,6,37,702000,373,1278,774,2712,617,2312
1890,6,37,702100,392,1525,817,3143,761,2151
1891,6,37,702201,293,989,620,2212,565,3049
1892,6,37,702202,277,938,554,1956,500,1019
1893,6,37,702300,469,1588,842,3230,831,10236
1894,6,37,702400,390,1156,714,2543,624,11148
1895,6,37,702501,331,1089,613,2345,519,5804
1896,6,37,702502,275,938,524,1987,469,3242
1897,6,37,702600,405,1395,814,3004,677,3302
1898,6,37,702700,227,797,419,1659,390,1976
1899,6,37,702801,365,1287,769,2782,689,2958
1900,6,37,702802,173,533,339,1243,295,930
1901,6,37,702803,250,771,471,1729,414,2433
1902,6,37,702901,527,1813,1031,3755,907,6967
1903,6,37,703001,395,1265,812,2886,783,10454
1904,6,37,703002,451,1386,844,3014,741,1616
1905,6,37,703100,326,1142,720,2441,570,811
1906,6,37,703200,347,1135,672,2446,588,576
1907,6,37,800101,418,1338,850,2822,714,1774
1908,6,37,800102,359,1221,769,2632,609,2106
1909,6,37,800201,672,2356,1341,4935,1232,7613
1910,6,37,800202,358,1186,671,2618,689,996
1911,6,37,800302,578,1970,1196,4260,1003,2298
1912,6,37,800303,555,1905,1015,4051,991,4056
1913,6,37,800323,559,1975,1164,4156,1038,2789
1914,6,37,800324,564,1816,985,3743,946,986
1915,6,37,800325,224,820,477,1682,471,615
1916,6,37,800326,321,1206,692,2524,575,2787
1917,6,37,800401,207,794,429,1577,388,3640
1918,6,37,800403,508,1687,1006,3444,826,1788
1919,6,37,800404,192,638,379,1457,328,549
1920,6,37,800501,206,711,411,1458,393,1324
1921,6,37,800502,172,636,360,1311,297,2759
1922,6,37,900101,838,2758,1566,5898,1415,390
1923,6,37,900102,56,234,116,486,111,79
1924,6,37,900200,98,308,197,744,195,346
1925,6,37,900300,131,491,260,1000,231,667
1926,6,37,900501,456,1660,903,3528,850,2569
1927,6,37,900502,613,1954,1151,4243,1055,868
1928,6,37,900503,641,2104,1168,4415,1077,376
1929,6,37,900504,317,1050,596,2280,581,4402
1930,6,37,900602,323,1088,621,2289,566,1400
1931,6,37,900604,631,2090,1293,4474,1144,327
1932,6,37,900605,405,1320,756,2787,688,259
1933,6,37,900606,281,1003,564,2052,556,1623
1934,6,37,900607,303,1001,524,2025,519,1191
1935,6,37,900701,340,1247,680,2748,665,4909
1936,6,37,900703,361,1188,689,2487,608,4281
1937,6,37,900704,275,889,483,1759,404,2243
1938,6,37,900705,311,1016,637,2087,493,2971
1939,6,37,900803,456,1646,897,3469,848,1310
1940,6,37,900804,243,919,479,1921,466,207
1941,6,37,900805,324,1106,659,2428,606,4203
1942,6,37,900806,285,914,545,2013,521,5433
1943,6,37,900900,207,622,348,1291,298,2258
1944,6,37,901003,401,1466,833,3004,714,3342
1945,6,37,901004,470,1586,889,3318,805,757
1946,6,37,901005,554,2001,1147,4281,1040,3145
1947,6,37,901006,689,2585,1492,5555,1433,1134
1948,6,37,901007,98,390,240,912,225,254
1949,6,37,901101,283,1023,558,2107,467,463
1950,6,37,901102,338,945,608,2144,522,481
1951,6,37,901203,77,369,179,718,166,541
1952,6,37,901204,165,564,287,1144,253,658
1953,6,37,901205,413,1480,867,3110,801,655
1954,6,37,901206,71,218,138,508,143,108
1955,6,37,901207,186,596,366,1369,311,279
1956,6,37,910000,749,2548,1520,5440,1333,1337
1957,6,37,910100,122,466,266,973,222,9497
1958,6,37,910201,247,801,478,1647,422,5340
1959,6,37,910202,210,767,412,1676,394,1060
1960,6,37,910203,689,2446,1359,5180,1323,2452
1961,6,37,910204,738,2447,1408,5235,1313,920
1962,6,37,910205,59,207,130,454,127,457
1963,6,37,910206,91,322,191,730,187,0
1964,6,37,910301,258,905,507,1793,444,925
1965,6,37,910302,356,1081,744,2537,640,440
1966,6,37,910401,347,1256,714,2580,582,1004
1967,6,37,910402,344,1137,652,2447,615,966
1968,6,37,910403,194,704,445,1575,445,1088
1969,6,37,910404,278,1042,575,2151,508,418
1970,6,37,910501,504,1822,1017,3784,896,3194
1971,6,37,910502,258,991,488,2150,527,1335
1972,6,37,910503,651,2108,1168,4527,1093,868
1973,6,37,910601,448,1516,875,3154,727,2111
1974,6,37,910602,194,747,418,1541,337,1818
1975,6,37,910603,544,1711,1044,3653,918,798
1976,6,37,910604,563,1864,1143,4105,1024,226
1977,6,37,910703,668,2280,1295,4877,1235,792
1978,6,37,910704,727,2316,1344,5010,1234,707
1979,6,37,910705,408,1410,760,2788,682,154
1980,6,37,910706,310,967,594,2059,477,165
1981,6,37,910707,359,1235,684,2481,598,360
1982,6,37,910708,0,0,0,0,0,53
1983,6,37,910709,80,359,204,734,185,112
1984,6,37,910710,835,2784,1548,5943,1415,375
1985,6,37,910803,216,724,394,1519,350,1247
1986,6,37,910804,185,672,343,1426,331,664
1987,6,37,910805,301,1043,631,2254,523,753
1988,6,37,910806,0,0,0,0,0,0
1989,6,37,910807,372,1155,721,2635,661,619
1990,6,37,910808,280,883,474,1844,455,180
1991,6,37,910809,137,408,249,983,257,333
1992,6,37,910810,103,420,269,912,254,95
1993,6,37,910901,100,330,174,634,152,367
1994,6,37,910902,86,291,184,702,174,624
1995,6,37,911000,83,290,166,598,158,124
1996,6,37,920013,256,870,506,1852,457,1627
1997,6,37,920014,0,0,0,0,0,157
1998,6,37,920015,292,1114,578,2308,520,389
1999,6,37,920016,314,1110,586,2159,563,156
2000,6,37,920017,326,972,602,2199,526,533
2001,6,37,920018,145,545,313,1203,273,137
2002,6,37,920019,536,1846,1036,3798,908,589
2003,6,37,920020,485,1487,855,3283,784,275
2004,6,37,920023,174,561,314,1187,295,1437
2005,6,37,920026,0,0,0,0,0,59
2006,6,37,920027,0,0,0,0,0,118
2007,6,37,920028,196,608,378,1342,366,202
2008,6,37,920029,220,725,394,1560,487,582
2009,6,37,920030,426,1437,851,3056,737,1039
2010,6,37,920031,270,908,618,1992,489,465
2011,6,37,920032,146,490,253,1011,221,397
2012,6,37,920033,0,0,0,0,0,27
2013,6,37,920034,217,769,329,1567,372,620
2014,6,37,920035,518,1765,973,3903,945,1602
2015,6,37,920036,237,854,521,1816,469,1030
2016,6,37,920037,413,1420,759,2934,667,366
2017,6,37,920038,297,1098,661,2338,581,667
2018,6,37,920039,134,453,249,912,258,126
2019,6,37,920040,139,515,361,1192,311,288
2020,6,37,920041,96,340,208,726,181,493
2021,6,37,920042,396,1201,736,2543,623,685
2022,6,37,920043,185,627,363,1348,358,200
2023,6,37,920103,244,770,419,1591,356,2802
2024,6,37,920104,135,443,261,921,228,216
2025,6,37,920105,702,2390,1385,4984,1230,2340
2026,6,37,920106,192,627,382,1364,323,3666
2027,6,37,920109,242,750,432,1638,410,313
2028,6,37,920110,383,1230,701,2670,627,125
2029,6,37,920111,255,778,493,1704,360,159
2030,6,37,920112,294,973,542,2073,509,939
2031,6,37,920113,697,2285,1448,5042,1274,3164
2032,6,37,920303,42,207,120,441,102,154
2033,6,37,920312,334,1053,616,2270,598,2615
2034,6,37,920313,391,1309,795,2818,705,1821
2035,6,37,920314,190,661,368,1262,319,2233
2036,6,37,920322,172,675,379,1331,351,715
2037,6,37,920326,269,924,519,1925,524,2820
2038,6,37,920327,651,2294,1289,4751,1210,3423
2039,6,37,920328,66,257,159,533,190,1082
2040,6,37,920329,396,1358,757,2841,704,4558
2041,6,37,920330,309,1061,665,2362,569,1354
2042,6,37,920331,282,903,537,1974,554,709
2043,6,37,920332,150,537,293,1144,284,924
2044,6,37,920334,402,1350,716,2841,676,1818
2045,6,37,920335,1170,3950,2199,8413,2085,3639
2046,6,37,930000,33,117,64,253,63,48
2047,6,37,930100,0,0,0,0,0,0
2048,6,37,930200,40,167,86,347,85,1130
